0 0.3710804521276596 0.44067500000000004 0.10648603723404254 0.07934500000000003
0 0.4145844414893617 0.37451249999999997 0.11013962765957452 0.07903999999999996
0 0.46458111702127664 0.4367675 0.10324135638297878 0.07586749999999995
0 0.4671775265957447 0.50293 0.10267287234042557 0.0723875
0 0.562626329787234 0.5063475000000001 0.1047839095744681 0.07385250000000002
0 0.6061303191489362 0.5708 0.10380984042553183 0.0748900000000001
0 0.2972207446808511 0.39111250000000003 0.1101396276595745 0.08239750000000004
0 0.2818018617021277 0.46997000000000005 0.10900265957446804 0.08123749999999995
0 0.36491356382978724 0.5122074999999999 0.1080285904255319 0.07397499999999997
0 0.4188065159574468 0.5732425 0.10324135638297878 0.0761099999999999
0 0.5077593085106382 0.5659175000000001 0.10121010638297874 0.07641499999999997
0 0.5155518617021276 0.3725575 0.10591755319148934 0.07708749999999998
0 0.3225432180851064 0.5815425000000001 0.1036469414893617 0.07806500000000005
0 0.5616522606382979 0.634765 0.10567486702127656 0.0775150000000001
0 0.6178191489361703 0.3774425 0.10819148936170214 0.07696500000000003
0 0.4636070478723404 0.6396475 0.10121010638297874 0.0733025
0 0.5587300531914894 0.43579 0.10121010638297874 0.07342499999999995
0 0.3701063829787234 0.6450199999999999 0.10234707446808515 0.0748900000000001
0 0.6220378989361702 0.688965 0.10567486702127656 0.07519499999999994
0 0.2694647606382979 0.6484375 0.10997672872340424 0.07501250000000005
0 0.6564527925531913 0.5107425 0.10324135638297871 0.07452499999999998
0 0.6626196808510638 0.6254875 0.10405252659574477 0.07836999999999988
0 0.33601728723404256 0.325195 0.12133976063829792 0.08599750000000006
0 0.21524601063829787 0.5195325000000001 0.11622672872340428 0.07739249999999999
0 0.2084275265957447 0.4255375 0.10843417553191492 0.07806500000000005
0 0.3301728723404255 0.703125 0.10721742021276595 0.07599000000000002
0 0.4314660904255319 0.70166 0.10591755319148934 0.07653749999999991
0 0.5762632978723404 0.7612300000000001 0.10405252659574461 0.07721000000000004
0 0.5265890957446808 0.697755 0.09975066489361709 0.07250999999999999
0 0.2035571808510638 0.3513175 0.12434175531914893 0.08465499999999997
0 0.4743218085106383 0.759765 0.10324135638297878 0.07641499999999997
0 0.4415325797872341 0.3076175 0.10843417553191492 0.08801250000000005
0 0.6506083776595745 0.4438475 0.10177859042553195 0.07452499999999998
0 0.37659906914893615 0.762695 0.10267287234042555 0.07519499999999994
0 0.4921775265957447 0.2368175 0.10348404255319156 0.08868499999999997
0 0.536655585106383 0.8237300000000001 0.10843417553191492 0.07781999999999993
0 0.6648936170212766 0.7465824999999999 0.10324135638297878 0.0757449999999999
0 0.2824501329787234 0.7675775 0.10453789893617023 0.07641499999999997
0 0.4386103723404255 0.8271475 0.10510638297872335 0.08105500000000006
0 0.6661934840425532 0.8769525 0.0956914893617021 0.06915249999999992
0 0.5408743351063829 0.30517500000000003 0.10324135638297878 0.08270249999999998
0 0.21248670212765958 0.2005625 0.11898603723404258 0.08282499999999998
0 0.4204288563829788 0.17248500000000003 0.10534906914893613 0.09057499999999999
0 0.6648936170212766 0.8134775 0.10705452127659582 0.07305999999999994
0 0.5756150265957447 0.8798825 0.09536901595744678 0.0709224999999999
0 0.2212533244680851 0.59082 0.10510638297872343 0.07171749999999998
0 0.5976894946808511 0.241455 0.10916555851063826 0.08929500000000001
0 0.3017652925531915 0.24926750000000003 0.1121675531914894 0.08770750000000001
0 0.4921775265957447 0.8872074999999999 0.094311835106383 0.06951999999999998
0 0.3147539893617021 0.1794425 0.1155784574468085 0.09204000000000002
0 0.40062499999999995 0.8911125 0.09796542553191484 0.0682974999999999
0 0.303876329787234 0.895995 0.10088763297872345 0.0722650000000001
0 0.3444581117021277 0.8291025 0.10551196808510642 0.08434999999999991
0 0.23716090425531916 0.7124025 0.10194148936170216 0.0813599999999999
0 0.523344414893617 0.1652825 0.10859707446808506 0.08770749999999998
0 0.6424933510638298 0.30713 0.10689162234042544 0.08300749999999994
0 0.6304787234042554 0.9340824999999999 0.09910239361702125 0.06915249999999992
0 0.5347074468085107 0.9453125 0.09658577127659566 0.0718375000000001
0 0.3980285904255319 0.247315 0.10916555851063826 0.10211249999999998
0 0.21329787234042555 0.12854 0.1170378989361702 0.09008750000000001
0 0.6100265957446809 0.09350499999999999 0.10591755319148934 0.09026999999999998
0 0.3121542553191489 0.1019275 0.12044547872340428 0.09399500000000002
0 0.36004321808510636 0.9453125 0.09820811170212765 0.06671250000000009
0 0.5110073138297871 0.09436 0.1042154255319149 0.09552000000000001
0 0.24803523936170213 0.836425 0.10721742021276595 0.08386249999999995
0 0.410688164893617 0.0961925 0.10405252659574461 0.09741250000000001
0 0.44899933510638296 0.9526375 0.09625997340425538 0.06982500000000004
0 0.268813164893617 0.938965 0.09674867021276595 0.07708750000000009
0 0.21346077127659577 0.2836925 0.14138630319148934 0.09234500000000002
0 0.6256117021276596 0.1707775 0.10494348404255321 0.09753500000000001