0 0.2826130319148936 0.4414075 0.09471742021276598 0.0703125
0 0.4580884308510639 0.43798750000000003 0.09228390957446814 0.07122749999999996
0 0.5454222074468086 0.4409175 0.094311835106383 0.07171749999999998
0 0.4087400265957447 0.4992675 0.0978025265957447 0.06963999999999998
0 0.36978058510638295 0.4414075 0.09520611702127663 0.07043499999999994
0 0.6353490691489362 0.441895 0.09447473404255322 0.07147249999999997
0 0.3733543882978723 0.3217775 0.09366356382978727 0.07055750000000001
0 0.768783244680851 0.3830575 0.09488031914893605 0.0706775
0 0.2267719414893617 0.4975575 0.09414893617021278 0.06805500000000006
0 0.31978390957446806 0.3828125 0.09398603723404253 0.07318000000000006
0 0.41036569148936175 0.38476499999999997 0.09747672872340427 0.07238750000000005
0 0.498344414893617 0.3842775 0.094311835106383 0.07196000000000004
0 0.6804787234042553 0.3828125 0.09195811170212763 0.07104499999999996
0 0.4590625 0.32617250000000003 0.09447473404255313 0.0703125
0 0.7246309840425532 0.440185 0.09625997340425538 0.06951999999999998
0 0.4973703457446808 0.4992675 0.09642287234042551 0.06841999999999995
0 0.23894614361702127 0.38916 0.08643949468085106 0.06475750000000005
0 0.19219747340425533 0.43921 0.09163231382978722 0.06707749999999998
0 0.19576795212765957 0.32959 0.09317486702127659 0.07104499999999996
0 0.2490093085106383 0.2717275 0.09098404255319151 0.06854250000000002
0 0.3197839095744681 0.5 0.09260638297872342 0.06878749999999996
0 0.28520944148936167 0.32837 0.09212101063829792 0.0699475
0 0.3337466755319149 0.27246 0.08887300531914895 0.06963999999999998
0 0.5463929521276596 0.32959 0.09179521276595741 0.0699475
0 0.13700465425531916 0.49463 0.09625997340425531 0.06854250000000002
0 0.7233311170212766 0.32666 0.09520611702127663 0.06878750000000003
0 0.4993184840425532 0.27294999999999997 0.09163231382978727 0.06939750000000001
0 0.5921708776595744 0.3825675 0.09382646276595745 0.07171749999999998
0 0.6353490691489362 0.3291025 0.09212101063829792 0.06878750000000003
0 0.8161835106382979 0.3232425 0.09837101063829776 0.07366999999999996
0 0.14917885638297873 0.3842775 0.09228390957446805 0.06475750000000005
0 0.37497672872340426 0.21496500000000002 0.09382646276595745 0.07147250000000002
0 0.46101063829787237 0.21521 0.09066156914893618 0.072875
0 0.1795345744680851 0.5532225 0.09926196808510636 0.07104500000000007
0 0.4548404255319149 0.55957 0.09625997340425538 0.0722650000000001
0 0.8155352393617021 0.44067500000000004 0.09796542553191499 0.06805499999999995
0 0.6687898936170212 0.27417 0.08984707446808503 0.07250999999999999
0 0.63015625 0.21813999999999997 0.08936170212765963 0.06781000000000001
0 0.4149102393617021 0.27221749999999995 0.08936170212765963 0.06744499999999996
0 0.3671841755319149 0.5585950000000001 0.09853390957446805 0.07171749999999998
0 0.16768284574468084 0.27905250000000004 0.09017287234042554 0.06817750000000002
0 0.5425 0.561035 0.09382646276595745 0.07079999999999996
0 0.2731981382978723 0.55713 0.09869680851063833 0.06634500000000003
0 0.5444481382978723 0.21472249999999998 0.09049867021276589 0.07208249999999998
0 0.2952726063829787 0.1003425 0.08822473404255315 0.06622250000000002
0 0.1091655585106383 0.4384775 0.09130984042553195 0.07171749999999998
0 0.8616356382978724 0.3789075 0.09625997340425538 0.07171749999999998
0 0.49997007978723407 0.15686000000000003 0.08855053191489366 0.07159500000000002
0 0.23699800531914894 0.157105 0.09488031914893612 0.07208249999999998
0 0.20907912234042553 0.0982675 0.08773936170212768 0.066345
0 0.760342420212766 0.2717275 0.09431183510638284 0.0753175
0 0.5509408244680851 0.0974125 0.08952460106382977 0.07263249999999999
0 0.637623005319149 0.0961925 0.08855053191489366 0.07599000000000002
0 0.768783244680851 0.4990224999999999 0.09609707446808524 0.07330249999999995
0 0.19933843085106384 0.216065 0.09244680851063827 0.0733025
0 0.326439494680851 0.16272 0.09114694148936169 0.072875
0 0.13603058510638297 0.15808000000000003 0.0928523936170213 0.06744499999999999
0 0.28504654255319145 0.2153325 0.09179521276595749 0.070435
0 0.6759308510638298 0.5009775000000001 0.09504321808510634 0.06903000000000004
0 0.21508311170212766 0.617675 0.10534906914893614 0.0761099999999999
0 0.8129355053191489 0.1001575 0.09658577127659566 0.07134999999999998
0 0.4035472074468085 0.6210950000000001 0.09975066489361709 0.07934500000000003
0 0.10973404255319148 0.3256825 0.08855053191489362 0.07464499999999998
0 0.3128058510638298 0.617675 0.099750664893617 0.07519499999999994
0 0.46685505319148934 0.10229500000000001 0.08838763297872337 0.07055750000000002
0 0.4136103723404256 0.163575 0.08984707446808503 0.07183749999999998
0 0.4895811170212766 0.6210950000000001 0.09747672872340427 0.07824749999999994
0 0.6298304521276595 0.5576175 0.09569148936170217 0.07134999999999991
0 0.8577393617021276 0.497315 0.09585438829787232 0.06781000000000006
0 0.8499468085106383 0.16223249999999997 0.09130984042553186 0.07849
0 0.1267785904255319 0.10144 0.09179521276595747 0.06842000000000002
0 0.09569148936170212 0.552735 0.09715425531914894 0.07079999999999996
0 0.8103390957446809 0.22046000000000002 0.09747672872340427 0.07159499999999996
0 0.5860039893617022 0.27417 0.08757646276595739 0.07104499999999998
0 0.11476396276595743 0.22509750000000003 0.09017287234042554 0.07751500000000001
0 0.38471742021276595 0.10669 0.09147273936170215 0.07159500000000002
0 0.7635904255319149 0.16027750000000002 0.09642287234042551 0.0809325
0 0.28098736702127664 0.67871 0.1026728723404255 0.07653749999999991
0 0.7220345744680852 0.0965575 0.08919880319148941 0.07665999999999998
0 0.1091655585106383 0.6206050000000001 0.10762300531914894 0.0761099999999999
0 0.7259275265957448 0.5634775 0.0999933510638297 0.06915249999999992
0 0.8492985372340426 0.269775 0.08757646276595754 0.06927499999999998
0 0.18927526595744681 0.6840824999999999 0.09731382978723405 0.08123749999999995
0 0.3730285904255319 0.6884775 0.10405252659574472 0.08038249999999994
0 0.5821077127659574 0.6167 0.094311835106383 0.07763750000000004
0 0.7187865691489362 0.2221675 0.09179521276595741 0.07342500000000002
0 0.8298171542553192 0.5605475 0.11395279255319163 0.07250999999999999
0 0.6733344414893618 0.158325 0.0900099734042554 0.07964999999999998
0 0.5090591755319149 0.052704999999999995 0.077593085106383 0.0546875
0 0.5860039893617022 0.1644275 0.08708776595744681 0.07964999999999998
0 0.3343949468085106 0.7495125 0.10291555851063827 0.0813599999999999
0 0.24284242021276597 0.74463 0.10194148936170208 0.07837000000000012
0 0.10088763297872341 0.69043 0.09837101063829787 0.0748900000000001
0 0.766186835106383 0.0514525 0.07917553191489357 0.06063750000000001
0 0.15104720744680852 0.75293 0.10194148936170214 0.08093250000000012
0 0.45841422872340426 0.69043 0.09317486702127659 0.08569249999999988
0 0.3392652925531915 0.05520750000000001 0.08611369680851066 0.05252
0 0.6778789893617021 0.05072 0.07730718085106382 0.05706749999999999
0 0.4230252659574468 0.055817500000000006 0.08213763297872347 0.0578
0 0.5460704787234042 0.6826175 0.09715425531914887 0.08197000000000003
0 0.25436835106382977 0.05835 0.08871343085106388 0.052825000000000004
0 0.8356615691489362 0.6918949999999999 0.11054521276595759 0.08178749999999992
0 0.7350199468085107 0.69336 0.10551196808510642 0.08227500000000008
0 0.16930851063829785 0.055420000000000004 0.08708776595744681 0.0455925
0 0.6389228723404256 0.6831050000000001 0.0982081117021276 0.0796500000000001
0 0.24771276595744682 0.8217775 0.10250997340425537 0.08929500000000007
0 0.5937932180851064 0.75 0.09228390957446814 0.0831300000000001
0 0.8551429521276596 0.623535 0.10819148936170199 0.08038249999999994
0 0.8551429521276596 0.7636725 0.1070545212765956 0.08209249999999997
0 0.41945478723404256 0.7578125 0.09910239361702125 0.08599749999999995
0 0.33764295212765955 0.828125 0.10218417553191493 0.08740249999999992
0 0.762938829787234 0.617675 0.09447473404255328 0.0787974999999999
0 0.5882746010638298 0.0502325 0.07617353723404259 0.054107499999999996
0 0.8492985372340426 0.059875 0.08952460106382977 0.07751499999999999
0 0.5980152925531914 0.8242200000000001 0.09690824468085106 0.08648749999999995
0 0.5087333776595745 0.75879 0.0995877659574468 0.08947749999999996
0 0.6733344414893618 0.760255 0.09244680851063834 0.08374000000000001
0 0.5886003989361702 0.49877999999999995 0.09585438829787232 0.06878749999999996
0 0.7590425531914893 0.7695325000000001 0.10267287234042557 0.0809324999999999
0 0.08441156914893616 0.7988275 0.10048204787234043 0.08978250000000003
0 0.6694381648936171 0.6215824999999999 0.09447473404255322 0.07586750000000006
0 0.1571343085106383 0.8315425000000001 0.10324135638297875 0.08343499999999994
0 0.42335106382978727 0.836915 0.10121010638297874 0.0885
0 0.5136037234042553 0.8388675 0.09674867021276595 0.08770749999999998
0 0.7759242021276596 0.8447275 0.10916555851063826 0.08868499999999994
0 0.8642320478723404 0.836915 0.09414893617021271 0.08197000000000003
0 0.6876196808510638 0.8417975 0.09471742021276591 0.0885