0 0.252094414893617 0.2775875 0.09642287234042551 0.0706775
0 0.5970412234042554 0.2863775 0.0887134308510638 0.07006749999999999
0 0.6746343085106383 0.2736825 0.0948803191489362 0.072875
0 0.33764295212765955 0.2778325 0.09658577127659573 0.07208249999999998
0 0.16549202127659574 0.27392500000000003 0.09163231382978723 0.06982500000000001
0 0.2986835106382979 0.3344725 0.0888730053191489 0.0679325
0 0.21053856382978722 0.331055 0.09488031914893619 0.06902999999999997
0 0.4363364361702128 0.28344749999999996 0.09350066489361702 0.07196000000000001
0 0.39088430851063827 0.33496 0.09504321808510634 0.07043500000000005
0 0.25485372340425533 0.39038 0.09382646276595745 0.0699475
0 0.6424933510638298 0.339845 0.09244680851063827 0.07208249999999998
0 0.5584075797872341 0.3403325 0.0887134308510638 0.06646749999999997
0 0.727875664893617 0.32861250000000003 0.09731382978723413 0.07464499999999998
0 0.21167553191489363 0.44629 0.08968749999999999 0.06829750000000001
0 0.30209109042553195 0.44336000000000003 0.09301529255319148 0.06646749999999997
0 0.47269946808510643 0.335205 0.09114694148936173 0.06598000000000002
0 0.1671974734042553 0.3869625 0.09260638297872342 0.0699475
0 0.34413563829787236 0.3913575 0.09715425531914898 0.07104499999999996
0 0.5155518617021276 0.28344749999999996 0.08838763297872337 0.07092250000000001
0 0.5184740691489361 0.39624000000000004 0.09212101063829785 0.06982500000000004
0 0.7512533244680851 0.2631825 0.09536901595744678 0.07354750000000002
0 0.6954122340425533 0.39282249999999996 0.09504321808510642 0.06939750000000004
0 0.12856382978723405 0.4438475 0.09260638297872338 0.07208249999999998
0 0.24949800531914895 0.2124025 0.10405252659574468 0.07159499999999996
0 0.7493051861702127 0.195435 0.09195811170212755 0.07684249999999997
0 0.12133976063829788 0.32959 0.08789893617021276 0.06805499999999995
0 0.16435505319148935 0.2094725 0.09163231382978722 0.07092250000000001
0 0.48471077127659573 0.22595249999999997 0.09147273936170215 0.07696500000000003
0 0.2600498670212766 0.5014649999999999 0.094311835106383 0.06781000000000006
0 0.3506283244680851 0.5014649999999999 0.09382646276595745 0.06963999999999998
0 0.6447639627659575 0.45434500000000005 0.09317486702127659 0.07079999999999996
0 0.8103390957446809 0.44994999999999996 0.0985339095744682 0.0706775
0 0.43536236702127656 0.39111250000000003 0.09520611702127663 0.06915250000000003
0 0.17011968085106383 0.5048824999999999 0.08611369680851062 0.06817749999999995
0 0.4704255319148936 0.4494625 0.09317486702127659 0.06549
0 0.6058078457446808 0.3969725 0.09317486702127659 0.0679325
0 0.7265791223404255 0.45044 0.08822473404255322 0.0703125
0 0.666841755319149 0.20996 0.09585438829787239 0.07629500000000002
0 0.8096908244680852 0.31201249999999997 0.09301529255319148 0.07488999999999998
0 0.5954188829787234 0.5087900000000001 0.09244680851063827 0.06707749999999998
0 0.38731382978723405 0.4453125 0.09366356382978716 0.06866499999999996
0 0.7648869680851065 0.50879 0.09414893617021271 0.06982499999999998
0 0.43471409574468084 0.50293 0.09414893617021271 0.06744500000000005
0 0.7843683510638298 0.3828125 0.10705452127659588 0.0733025
0 0.8207280585106383 0.1640625 0.09163231382978727 0.07385250000000002
0 0.1223936170212766 0.552245 0.0952061170212766 0.06927500000000009
0 0.22206449468085107 0.5512699999999999 0.0857912234042553 0.06421000000000003
0 0.5506150265957447 0.56543 0.09082114361702129 0.0657349999999999
0 0.42919547872340424 0.1782225 0.09017287234042545 0.07849
0 0.30209109042553195 0.55664 0.08692486702127664 0.06487999999999988
0 0.46685505319148934 0.5605475 0.08855053191489366 0.06585750000000007
0 0.08319148936170213 0.20495500000000003 0.09414893617021278 0.075195
0 0.388936170212766 0.23462 0.09926196808510636 0.07721000000000001
0 0.17856050531914894 0.606445 0.09179521276595747 0.07006749999999988
0 0.08136635638297872 0.27026249999999996 0.09585438829787232 0.07147249999999997
0 0.5863264627659575 0.2288825 0.09585438829787232 0.08038250000000002
0 0.6850232712765958 0.510255 0.09098404255319151 0.06585750000000001
0 0.8454022606382978 0.509765 0.09017287234042545 0.06756500000000006
0 0.6372972074468086 0.5649425 0.08887300531914899 0.06622250000000009
0 0.2644315159574468 0.60791 0.09000997340425532 0.06671250000000009
0 0.3899102393617021 0.5576175 0.0919581117021277 0.0673225
0 0.34868018617021274 0.6103525 0.090498670212766 0.06866499999999996
0 0.7174867021276595 0.5649425 0.09033577127659567 0.06549
0 0.5145777925531915 0.6171875 0.09066156914893618 0.0679324999999999
0 0.760342420212766 0.6167 0.0938264627659576 0.06890750000000002
0 0.43308843085106385 0.614745 0.09260638297872338 0.06854250000000002
0 0.5976894946808511 0.617675 0.09414893617021271 0.07055749999999988
0 0.13773603723404254 0.6679700000000001 0.09690824468085105 0.0676875
0 0.08505984042553191 0.38916 0.09869680851063829 0.0733025
0 0.22287566489361701 0.6640625 0.0888730053191489 0.06695499999999993
0 0.8025465425531915 0.5673825 0.09414893617021271 0.06622250000000009
0 0.9012433510638298 0.19641 0.09033577127659591 0.07385250000000002
0 0.17174202127659574 0.144165 0.099750664893617 0.07861250000000002
0 0.6791788563829788 0.618165 0.08546542553191494 0.06671250000000009
0 0.8038464095744681 0.6738275 0.09520611702127663 0.07342499999999995
0 0.6772307180851064 0.141845 0.08968750000000007 0.07342500000000002
0 0.6311303191489361 0.6767575 0.09625997340425538 0.0703125
0 0.3055019946808511 0.6655275 0.09000997340425532 0.06536750000000006
0 0.3189727393617021 0.19397 0.09820811170212765 0.08007749999999998
0 0.8369614361702128 0.72461 0.08968749999999992 0.06426999999999998
0 0.8265724734042553 0.23108 0.09244680851063827 0.0802
0 0.847998670212766 0.61914 0.09082114361702115 0.06585750000000007
0 0.46458111702127664 0.6728525 0.08903590425531921 0.0687874999999999
0 0.34088763297872343 0.1257325 0.09926196808510636 0.0792225
0 0.26475731382978723 0.71582 0.08855053191489358 0.06384249999999997
0 0.38763962765957444 0.668945 0.09049867021276604 0.06866499999999996
0 0.1881382978723404 0.71875 0.08838763297872343 0.065125
0 0.3473803191489362 0.717285 0.0878989361702128 0.06347749999999996
0 0.7973537234042554 0.7802725 0.09317486702127643 0.06658999999999991
0 0.29949468085106384 0.768555 0.09228390957446805 0.06793250000000012
0 0.5460704787234042 0.6762699999999999 0.09285239361702134 0.07043499999999994
0 0.7551462765957447 0.121765 0.09228390957446814 0.076965
0 0.5882746010638298 0.726075 0.09000997340425532 0.06408750000000009
0 0.6694381648936171 0.7280275 0.09147273936170208 0.06408750000000009
0 0.5350332446808511 0.1828625 0.09212101063829785 0.08788999999999998
0 0.09552859042553193 0.6157225 0.09382646276595745 0.0696400000000001
0 0.08741356382978724 0.49487250000000005 0.09098404255319147 0.06866500000000002
0 0.42919547872340424 0.72461 0.08919880319148935 0.06756500000000006
0 0.5064627659574469 0.726075 0.08725066489361696 0.0631099999999999
0 0.5204222074468086 0.10723999999999999 0.0901728723404256 0.07464500000000002
0 0.08538563829787234 0.1380625 0.09585438829787235 0.08123750000000002
0 0.4246476063829787 0.11029000000000001 0.09147273936170215 0.08154249999999999
0 0.7532014627659575 0.728515 0.08968749999999992 0.06222499999999991
0 0.206156914893617 0.77588 0.09228390957446805 0.061095000000000024
0 0.7077493351063829 0.7788075 0.09098404255319151 0.06421000000000003
0 0.7200864361702127 0.6767575 0.09747672872340427 0.0722650000000001
0 0.6246376329787234 0.78125 0.08838763297872337 0.06658999999999991
0 0.1056748670212766 0.7207025 0.09163231382978723 0.0676875
0 0.8402061170212767 0.8291025 0.08838763297872337 0.061095000000000024
0 0.5144614361702128 0.508125 0.08144946808510638 0.06125
0 0.5580817819148937 0.45434500000000005 0.09163231382978727 0.06396500000000004
0 0.11793218085106383 0.7802725 0.09796542553191491 0.06268249999999989
0 0.5441223404255319 0.7778324999999999 0.0888730053191489 0.06671250000000009
0 0.3808211436170213 0.7763675 0.0913098404255319 0.06720000000000005
0 0.6746343085106383 0.8305675 0.08968750000000007 0.065125
0 0.7577460106382979 0.833495 0.08855053191489351 0.06143249999999989
0 0.4593882978723404 0.782715 0.09000997340425532 0.0611875
0 0.5960671542553192 0.833495 0.0887134308510638 0.06549
0 0.27839095744680853 0.825195 0.08741356382978725 0.06487999999999988
0 0.19982380319148937 0.8325199999999999 0.08538563829787231 0.0611875
0 0.24690159574468085 0.128295 0.10510638297872343 0.09039249999999999
0 0.8804654255319149 0.3942875 0.11119348404255328 0.07208249999999998
0 0.43601063829787234 0.8359375 0.09017287234042545 0.06536750000000006
0 0.5155518617021276 0.831055 0.0887134308510638 0.06720000000000005
0 0.8953989361702128 0.4582525 0.09747672872340427 0.06890750000000002
0 0.35387300531914895 0.833495 0.08708776595744681 0.06549
0 0.783716755319149 0.8813475 0.09130984042553186 0.07134999999999991
0 0.11874335106382979 0.83496 0.08676529255319149 0.06268249999999989
0 0.8966988031914893 0.26416 0.0938264627659576 0.07104499999999998
0 0.8837101063829786 0.7778324999999999 0.09066156914893618 0.07385249999999996
0 0.6265857712765958 0.8872074999999999 0.09000997340425532 0.0706775
0 0.23196476063829788 0.8789075000000001 0.08505984042553195 0.06426999999999998
0 0.5450964095744681 0.8867200000000001 0.08822473404255322 0.06866499999999996
0 0.46393284574468086 0.887695 0.08822473404255322 0.06585750000000007
0 0.7051496010638298 0.88379 0.09066156914893618 0.07422000000000002
0 0.8934507978723404 0.677245 0.0991023936170214 0.07891750000000002
0 0.3087466755319149 0.8813475 0.08505984042553195 0.06658999999999991
0 0.8668284574468086 0.88086 0.09625997340425538 0.07043499999999994
0 0.15153257978723406 0.887695 0.08773936170212765 0.05911249999999996
0 0.3882878989361702 0.890625 0.08855053191489366 0.06683249999999998
0 0.6045079787234042 0.1251225 0.09285239361702134 0.10015750000000001
0 0.8940990691489361 0.5664075000000001 0.09585438829787232 0.06475749999999994
0 0.8746210106382979 0.3273925 0.12815824468085107 0.07397500000000003
0 0.8966988031914893 0.1177975 0.09520611702127663 0.07721000000000001