0 0.18732598487367022 0.252685546875 0.07872885846077128 0.061431884765625
0 0.18554038189827127 0.20068359375 0.07816071205950798 0.06463623046875
0 0.24446528008643617 0.71923828125 0.08854967482546543 0.06707763671875
0 0.26297062001329785 0.2015380859375 0.08018980634973404 0.06549072265625
0 0.17823564245345744 0.42041015625 0.08197540932513298 0.0618896484375
0 0.4032216173537234 0.26611328125 0.07422426913646941 0.059112548828125
0 0.23797217835771275 0.7890625 0.08384217607214096 0.07208251953125
0 0.10843479886968085 0.316650390625 0.08169133612450133 0.0635986328125
0 0.09285135472074468 0.48046875 0.08181308178191489 0.0618896484375
0 0.11435975419714096 0.2607421875 0.08063620709358378 0.06243896484375
0 0.11233065990691489 0.2060546875 0.0804738795503657 0.06903076171875
0 0.2628082924700798 0.254150390625 0.0804738795503657 0.0604248046875
0 0.25972406914893614 0.306640625 0.08692639939328457 0.06268310546875
0 0.10104889565325798 0.42529296875 0.08258413761220079 0.06304931640625
0 0.25663984582779253 0.417724609375 0.08319286589926862 0.062225341796875
0 0.33195982588098405 0.2666015625 0.07702441925698138 0.06097412109375
0 0.18196917594747342 0.30517578125 0.0824218100689827 0.05975341796875
0 0.3389399102393617 0.322265625 0.0797434056058843 0.06304931640625
0 0.3270899995844415 0.72412109375 0.08854967482546543 0.06854248046875
0 0.5584067486702128 0.771484375 0.08319286589926862 0.06915283203125
0 0.08708872693650266 0.59765625 0.08319286589926862 0.06396484375
0 0.31978526013962766 0.7939453125 0.09212088077626329 0.07452392578125
0 0.40971471908244683 0.319091796875 0.07962165994847074 0.06427001953125
0 0.33601801446143614 0.21240234375 0.07548230759640957 0.06427001953125
0 0.08952364008477394 0.71923828125 0.09260786340591755 0.06634521484375
0 0.17044392037898937 0.475830078125 0.08489730510305851 0.063232421875
0 0.25891243143284576 0.36181640625 0.08286821081283245 0.062103271484375
0 0.09033527780086437 0.53759765625 0.08522196018949468 0.063720703125
0 0.2431666597406915 0.5947265625 0.08441032247340426 0.06549072265625
0 0.16029844892785905 0.59423828125 0.08708872693650266 0.06707763671875
0 0.1808328831449468 0.36376953125 0.08595243413397606 0.06683349609375
0 0.40711747839095747 0.2152099609375 0.07312855821974734 0.06488037109375
0 0.322382500831117 0.6630859375 0.08643941676363032 0.06646728515625
0 0.39900110123005317 0.79150390625 0.07901293166140293 0.0751953125
0 0.2464132106050532 0.5341796875 0.08063620709358378 0.06439208984375
0 0.3980271359707447 0.60400390625 0.08181308178191489 0.06573486328125
0 0.3246550864361702 0.48681640625 0.08258413761220079 0.061187744140625
0 0.23927079870345744 0.65966796875 0.08822501973902926 0.06781005859375
0 0.5509396816821809 0.253662109375 0.07341263142037899 0.061309814453125
0 0.7207342918882979 0.7197265625 0.08676407185006649 0.06890869140625
0 0.4759443567154255 0.791015625 0.07617219965508644 0.06829833984375
0 0.08538428773271277 0.66015625 0.0850596326462766 0.06634521484375
0 0.32887560255984044 0.4306640625 0.08319286589926862 0.06396484375
0 0.40484489278590424 0.724609375 0.08367984852892288 0.06524658203125
0 0.10291566240026596 0.37255859375 0.0824218100689827 0.06524658203125
0 0.24901045129654256 0.475830078125 0.08384217607214096 0.06536865234375
0 0.5509396816821809 0.204345703125 0.07341263142037899 0.06304931640625
0 0.17028159283577127 0.53369140625 0.08441032247340426 0.06427001953125
0 0.5671724360039894 0.708984375 0.08408566738696809 0.06500244140625
0 0.40192299700797873 0.48681640625 0.08092028029421543 0.063720703125
0 0.3314728432513298 0.375244140625 0.08258413761220079 0.06280517578125
0 0.1686583174035904 0.7158203125 0.08871200236868351 0.06634521484375
0 0.8772180435505319 0.640625 0.08871200236868351 0.0640869140625
0 0.4775676321476064 0.2127685546875 0.07049073564245346 0.06109619140625
0 0.4054942029587766 0.3759765625 0.0774302381150266 0.06280517578125
0 0.16533060276761968 0.65576171875 0.08335519344248671 0.06964111328125
0 0.7116439494680851 0.7861328125 0.08936131254155585 0.06903076171875
0 0.8044953041888298 0.720703125 0.0866017443068484 0.06707763671875
0 0.40062437666223405 0.66259765625 0.08181308178191489 0.06439208984375
0 0.879165974069149 0.70166015625 0.08790036465259309 0.06512451171875
0 0.3225448283743351 0.5439453125 0.08230006441156915 0.063232421875
0 0.8759194232047872 0.76904296875 0.09179622568982712 0.07159423828125
0 0.6210651803523937 0.2548828125 0.07519823439577793 0.06292724609375
0 0.4866579745678192 0.7216796875 0.07872885846077128 0.0640869140625
0 0.6382718999335106 0.76220703125 0.08473497755984043 0.06939697265625
0 0.6249610413896277 0.2022705078125 0.07260099370428856 0.060760498046875
0 0.5580820935837766 0.6484375 0.08303053835605054 0.06536865234375
0 0.3977024808843085 0.54345703125 0.08335519344248671 0.06280517578125
0 0.5561341630651596 0.35986328125 0.07799838451628989 0.059661865234375
0 0.696060505319149 0.2015380859375 0.07369670462101063 0.058441162109375
0 0.1678466796875 0.78125 0.09228320831948138 0.07696533203125
0 0.47691832197473405 0.260986328125 0.07154586467337101 0.060089111328125
0 0.3204345703125 0.6025390625 0.0835175209857048 0.06573486328125
0 0.7928077210771277 0.7841796875 0.08595243413397606 0.06744384765625
0 0.555160197805851 0.5869140625 0.08213773686835106 0.06451416015625
0 0.4827621135305851 0.4267578125 0.07605045399767288 0.06243896484375
0 0.7135918799867021 0.646484375 0.08489730510305851 0.06756591796875
0 0.7967035821143617 0.59521484375 0.08968596762799202 0.06549072265625
0 0.5541862325465425 0.472412109375 0.08079853463680187 0.06231689453125
0 0.48308676861702127 0.372314453125 0.07548230759640957 0.061767578125
0 0.48763193982712766 0.3154296875 0.07491416119514628 0.05780029296875
0 0.6457389669215425 0.69921875 0.08136668103806516 0.06585693359375
0 0.8382594331781915 0.254150390625 0.0762939453125 0.05865478515625
0 0.8765687333776596 0.57958984375 0.08562777904753989 0.06292724609375
0 0.6353500041555851 0.63818359375 0.08367984852892288 0.06500244140625
0 0.5571081283244681 0.41552734375 0.0793375867478391 0.061431884765625
0 0.8674783909574468 0.46484375 0.08335519344248671 0.06243896484375
0 0.6941125748005319 0.251953125 0.07686209171376329 0.06451416015625
0 0.5554848528922872 0.52880859375 0.08181308178191489 0.062225341796875
0 0.7655366938164894 0.2032470703125 0.07519823439577793 0.057708740234375
0 0.795404961768617 0.65771484375 0.087738037109375 0.06646728515625
0 0.08489730510305851 0.78759765625 0.09471812146775266 0.076416015625
0 0.6343760388962766 0.521484375 0.08258413761220079 0.06292724609375
0 0.5597053690159575 0.305419921875 0.07531998005319149 0.05780029296875
0 0.8512456366356383 0.304931640625 0.07730849245761304 0.058441162109375
0 0.4746457363696808 0.599609375 0.0762939453125 0.06304931640625
0 0.7083973986037234 0.304443359375 0.07674034605634973 0.062225341796875
0 0.7778735871010638 0.302490234375 0.07832303960272606 0.0604248046875
0 0.79345703125 0.474609375 0.0854654515043218 0.06463623046875
0 0.4785415974069149 0.48388671875 0.07576638079704122 0.0618896484375
0 0.7817694481382979 0.357666015625 0.08136668103806516 0.06256103515625
0 0.7129425698138298 0.58544921875 0.08489730510305851 0.0635986328125
0 0.8629332197473404 0.41015625 0.0786071128033577 0.058990478515625
0 0.764887383643617 0.250732421875 0.07531998005319149 0.0567626953125
0 0.8577387383643617 0.35546875 0.07714616491439495 0.059967041015625
0 0.8350128823138298 0.203125 0.07312855821974734 0.060089111328125
0 0.787613239694149 0.415771484375 0.08274646515541888 0.061767578125
0 0.7941063414228723 0.53369140625 0.08562777904753989 0.06512451171875
0 0.6327527634640957 0.406494140625 0.08006806069232048 0.060211181640625
0 0.6343760388962766 0.303955078125 0.07657801851313165 0.0615234375
0 0.6343760388962766 0.57861328125 0.08319286589926862 0.062103271484375
0 0.4824374584441489 0.6591796875 0.07560405325382313 0.06268310546875
0 0.7129425698138298 0.52490234375 0.08611476167719415 0.0635986328125
0 0.7103453291223404 0.413818359375 0.08035213389295212 0.061981201171875
0 0.6321034532912234 0.35009765625 0.07759256565824468 0.05889892578125
0 0.4064681682180851 0.4296875 0.07816071205950798 0.06268310546875
0 0.47561970162898937 0.5419921875 0.07394019593583777 0.06451416015625
0 0.7142411901595744 0.46875 0.08181308178191489 0.0615234375
0 0.8733221825132979 0.52294921875 0.08441032247340426 0.06304931640625
0 0.7045015375664894 0.35888671875 0.0762939453125 0.059417724609375
0 0.6334020736369681 0.463134765625 0.0812449353806516 0.061187744140625