0 0.40780252659574473 0.40958249999999996 0.09086768617021274 0.07083249999999998
0 0.3154022606382979 0.4086925 0.10453789893617019 0.07354750000000002
0 0.36393949468085107 0.466065 0.10324135638297875 0.07018999999999995
0 0.4567885638297872 0.468505 0.10048204787234043 0.0703125
0 0.3613397606382979 0.34692500000000004 0.09999335106382981 0.07751499999999999
0 0.5545113031914893 0.46704 0.10534906914893613 0.07238750000000005
0 0.505811170212766 0.4101575 0.10291555851063836 0.07354750000000002
0 0.26800199468085106 0.464845 0.10348404255319148 0.06841999999999995
0 0.45711436170212766 0.34936500000000004 0.10324135638297878 0.07837000000000001
0 0.264594414893617 0.350585 0.1007247340425532 0.07586749999999995
0 0.31199468085106385 0.5273450000000001 0.1036469414893617 0.07263249999999993
0 0.60515625 0.40820249999999997 0.0995877659574468 0.0733025
0 0.40809175531914893 0.2863775 0.10437500000000001 0.07739250000000002
0 0.6038597074468085 0.52539 0.0995877659574468 0.07183750000000004
0 0.41036569148936175 0.5263675 0.10218417553191486 0.06658999999999997
0 0.4587367021276596 0.586425 0.09910239361702125 0.0718375000000001
0 0.5084109042553191 0.5219725 0.09837101063829791 0.06805500000000006
0 0.5541855053191489 0.58545 0.10291555851063836 0.07385249999999996
0 0.504188829787234 0.2873525 0.10177859042553195 0.07946749999999997
0 0.2574501329787234 0.58789 0.10380984042553192 0.07409750000000008
0 0.3084208776595745 0.28418 0.10015624999999999 0.07696500000000003
0 0.3632878989361702 0.586915 0.10307845744680849 0.07397499999999992
0 0.31426529255319147 0.6484375 0.1036469414893617 0.07641499999999997
0 0.6022340425531915 0.6469725 0.10031914893617029 0.0722650000000001
0 0.5077593085106382 0.64746 0.10015624999999999 0.07104500000000007
0 0.5551595744680852 0.3515625 0.10380984042553199 0.07824749999999994
0 0.5476928191489362 0.2211925 0.09853390957446805 0.0755625
0 0.6489860372340426 0.46923750000000003 0.09658577127659566 0.06890750000000002
0 0.6009375 0.28588749999999996 0.09926196808510636 0.07934500000000003
0 0.4116622340425532 0.6484375 0.10218417553191486 0.07006750000000012
0 0.4519215425531915 0.224365 0.10177859042553195 0.07824749999999997
0 0.6528823138297872 0.59082 0.10088763297872348 0.07519499999999994
0 0.5032147606382978 0.16027750000000002 0.09853390957446805 0.07904000000000003
0 0.35484707446808517 0.224 0.10250997340425529 0.08166499999999999
0 0.410688164893617 0.1607675 0.09975066489361709 0.07684250000000002
0 0.5548371010638298 0.70459 0.10031914893617014 0.0735474999999999
0 0.4606848404255319 0.7050775 0.09999335106382985 0.0787974999999999
0 0.6486602393617021 0.3479 0.09317486702127667 0.07763750000000004
0 0.21362367021276596 0.4099125 0.10307845744680849 0.07611000000000001
0 0.2639461436170213 0.7080075 0.0995877659574468 0.07519499999999994
0 0.5986635638297872 0.15991249999999999 0.10105053191489363 0.07891750000000002
0 0.6519082446808511 0.7094725 0.09885638297872337 0.07599000000000002
0 0.21881648936170214 0.523925 0.0995877659574468 0.06720000000000005
0 0.31248005319148936 0.163085 0.10324135638297875 0.07965000000000003
0 0.36069148936170214 0.7050775 0.10250997340425529 0.07104500000000007
0 0.3652360372340426 0.096375 0.09398603723404257 0.0802
0 0.22076462765957444 0.6523450000000001 0.0995877659574468 0.07739249999999993
0 0.6019115691489362 0.7680675 0.09853390957446805 0.07641499999999997
0 0.5457446808510638 0.0933225 0.094311835106383 0.076415
0 0.4077659574468085 0.7631825 0.09658577127659566 0.07238750000000005
0 0.3184873670212766 0.765625 0.0978025265957447 0.0757449999999999
0 0.4554920212765957 0.09173499999999998 0.09942486702127665 0.0836175
0 0.6424933510638298 0.22107 0.09731382978723413 0.08300750000000003
0 0.6129488031914894 0.8828125 0.09658577127659566 0.07275500000000011
0 0.5090591755319149 0.7661125 0.09796542553191484 0.07476749999999993
0 0.4603623670212766 0.822755 0.09926196808510636 0.07433999999999992
0 0.5593816489361702 0.8256825 0.09658577127659566 0.07696499999999992
0 0.6545046542553191 0.822755 0.09536901595744678 0.07708750000000009
0 0.2503091755319149 0.2263175 0.1059175531914894 0.08239750000000001
0 0.37270279255319144 0.8291025 0.0995877659574468 0.07806500000000005
0 0.2158942819148936 0.2944325 0.09869680851063828 0.07751499999999999
0 0.2749833776595745 0.09570250000000001 0.10015624999999999 0.08062750000000002
0 0.5139295212765957 0.8813475 0.09731382978723413 0.0755625
0 0.32498005319148937 0.8901375 0.09796542553191488 0.0722650000000001
0 0.4236735372340426 0.884765 0.10088763297872334 0.07422000000000002
0 0.27595744680851064 0.831055 0.09999335106382978 0.08282500000000005
0 0.6350265957446808 0.09552000000000001 0.09520611702127656 0.08343500000000002
0 0.5597041223404255 0.94287 0.09569148936170217 0.07238750000000005
0 0.46522938829787236 0.9438475 0.09658577127659582 0.06951999999999998
0 0.22644614361702126 0.77246 0.10234707446808507 0.0787974999999999
0 0.3753025265957447 0.9438475 0.10088763297872337 0.0718375000000001
0 0.647686170212766 0.9379875 0.094311835106383 0.0696400000000001
0 0.2751462765957447 0.94629 0.10048204787234043 0.0687874999999999
0 0.21784242021276595 0.1536875 0.09942486702127658 0.08929500000000001
0 0.22563497340425534 0.893555 0.09910239361702125 0.07574500000000012