0 0.26751662234042556 0.7578125 0.08676529255319149 0.06634500000000003
0 0.26345744680851063 0.8232425 0.0844115691489362 0.06805500000000006
0 0.3444581117021277 0.8276375 0.08757646276595743 0.07196000000000004
0 0.10048204787234043 0.8046875 0.10088763297872341 0.0706775
0 0.34770611702127663 0.7646475 0.08806183510638294 0.06549
0 0.42692154255319154 0.7661125 0.0825831117021276 0.06598000000000002
0 0.1860272606382979 0.757325 0.08489694148936172 0.06646749999999997
0 0.22076462765957444 0.69629 0.09228390957446805 0.0676875
0 0.5528889627659574 0.71289 0.08741356382978725 0.06866499999999996
0 0.3899102393617021 0.7094725 0.08006648936170217 0.06222499999999991
0 0.41945478723404256 0.83545 0.08368018617021278 0.06384249999999997
0 0.4993184840425532 0.83838 0.07933843085106386 0.0687874999999999
0 0.18700132978723405 0.81836 0.08806183510638295 0.06805500000000006
0 0.30955784574468087 0.70459 0.08692486702127661 0.06304999999999995
0 0.18846077127659575 0.6386725 0.08773936170212768 0.06720000000000005
0 0.5139295212765957 0.7719725 0.0853856382978724 0.0709224999999999
0 0.10859707446808511 0.7392575 0.0922839095744681 0.0676875
0 0.6012599734042553 0.7778324999999999 0.09212101063829785 0.0679324999999999
0 0.15867353723404257 0.5786125 0.08505984042553191 0.0645150000000001
0 0.13797872340425532 0.6796875 0.08124335106382978 0.060637500000000046
0 0.9174767287234042 0.70459 0.09228390957446814 0.06756500000000006
0 0.670089760638298 0.833495 0.08968749999999992 0.07019000000000006
0 0.9051396276595745 0.768555 0.09796542553191499 0.0733025
0 0.11013962765957447 0.6240225 0.08457114361702127 0.06683249999999998
0 0.6402194148936171 0.7221675000000001 0.08725066489361703 0.0679324999999999
0 0.27270944148936166 0.64746 0.08708776595744681 0.06671250000000009
0 0.42919547872340424 0.6538075 0.08181183510638303 0.0670775000000001
0 0.35484707446808517 0.6538075 0.08441156914893616 0.06384249999999997
0 0.696060505319149 0.77539 0.08692486702127668 0.06634500000000003
0 0.5853523936170213 0.8388675 0.08984707446808503 0.06842000000000008
0 0.7590425531914893 0.8276375 0.09244680851063827 0.07171749999999998
0 0.7343683510638298 0.7192375 0.09130984042553186 0.06658999999999991
0 0.7902094414893617 0.76709 0.09690824468085106 0.07019000000000006
0 0.12174534574468085 0.52832 0.08152925531914894 0.060210000000000034
0 0.46231050531914897 0.711425 0.07300531914893614 0.06347749999999996
0 0.18472739361702126 0.0894775 0.08368018617021278 0.06683250000000002
0 0.13797872340425532 0.23352 0.08092087765957445 0.06671250000000004
0 0.40809175531914893 0.5942375 0.0825831117021276 0.06359750000000008
0 0.9239694148936171 0.6430675 0.09333776595744687 0.07079999999999996
0 0.5947672872340425 0.6499025 0.09114694148936173 0.06720000000000005
0 0.14585106382978724 0.1381825 0.0823005319148936 0.06902999999999998
0 0.2868317819148936 0.5351575000000001 0.0844115691489362 0.06323250000000001
0 0.8454022606382978 0.8149425 0.09471742021276591 0.07147250000000008
0 0.3652360372340426 0.541015 0.08595079787234042 0.06408750000000003
0 0.5106815159574468 0.6542975 0.08562832446808516 0.06793250000000012
0 0.6772307180851064 0.6684574999999999 0.08546542553191494 0.06658999999999991
0 0.20323470744680852 0.5317375 0.08424867021276597 0.06304999999999995
0 0.3270910904255319 0.5957025 0.0898470744680851 0.06634500000000003
0 0.4895811170212766 0.5947275 0.08968750000000007 0.0657349999999999
0 0.5811336436170212 0.5917975 0.08838763297872337 0.06536750000000006
0 0.12856382978723405 0.4279775 0.0828690159574468 0.05920500000000004
0 0.26199800531914896 0.0885 0.07945811170212766 0.062224999999999996
0 0.22401263297872342 0.13781749999999998 0.08063497340425531 0.0634775
0 0.7577460106382979 0.6582025 0.09114694148936173 0.06866499999999996
0 0.18440492021276597 0.183595 0.08108377659574469 0.06609999999999996
0 0.164438164893617 0.47851499999999997 0.08595079787234042 0.061095000000000024
0 0.2058311170212766 0.43163999999999997 0.08351728723404256 0.06198000000000002
0 0.6613231382978724 0.6030275 0.08757646276595739 0.06842000000000008
0 0.8402061170212767 0.6416025 0.09690824468085106 0.06982500000000004
0 0.24966090425531914 0.4807125 0.08919880319148935 0.06244000000000006
0 0.16654920212765958 0.37817500000000004 0.08258311170212766 0.05645749999999998
0 0.133188164893617 0.32617250000000003 0.08643949468085106 0.05758749999999998
0 0.17304188829787234 0.2805175 0.083843085106383 0.05941750000000002
0 0.8246243351063829 0.7036125 0.0982081117021276 0.06902999999999997
0 0.7506017287234042 0.5913075 0.09504321808510649 0.07043499999999994
0 0.4038696808510638 0.4892575 0.08006648936170217 0.06176750000000004
0 0.914876994680851 0.26244999999999996 0.08457114361702138 0.06854250000000002
0 0.2407313829787234 0.58838 0.09260638297872338 0.06927500000000009
0 0.5314594414893618 0.54004 0.08197473404255316 0.061432499999999945
0 0.9031914893617022 0.18456999999999998 0.09049867021276604 0.07092250000000001
0 0.3301728723404255 0.48510749999999997 0.08538563829787231 0.06292749999999996
0 0.2892686170212766 0.43163999999999997 0.08392287234042554 0.059875
0 0.8434541223404256 0.5800775 0.0967486702127658 0.06890750000000002
0 0.44802526595744685 0.541505 0.08006648936170217 0.06292750000000001
0 0.26118351063829787 0.18591249999999998 0.08018949468085107 0.06176749999999998
0 0.9272140957446808 0.57666 0.08627659574468069 0.06817750000000002
0 0.8934507978723404 0.09808250000000002 0.08092087765957443 0.06500250000000002
0 0.21719414893617023 0.23376499999999997 0.08773936170212768 0.06323249999999998
0 0.33991356382978727 0.08313 0.08457114361702124 0.061979999999999986
0 0.36913231382978723 0.43335 0.08335438829787235 0.060637500000000046
0 0.24706117021276594 0.3786625 0.08303191489361701 0.0585625
0 0.41523271276595747 0.0800775 0.07873005319148942 0.065125
0 0.29998005319148935 0.134765 0.0768617021276596 0.06646749999999998
0 0.9200731382978723 0.47094749999999996 0.09114694148936173 0.06610000000000002
0 0.8505950797872341 0.1384275 0.0850598404255318 0.06659000000000002
0 0.49315159574468087 0.0794675 0.0764561170212766 0.06021000000000001
0 0.7255651595744681 0.278125 0.07480053191489362 0.05375
0 0.7707313829787235 0.2318125 0.09130984042553186 0.0699475
0 0.21346077127659577 0.32690499999999995 0.08213763297872338 0.059325000000000044
0 0.25436835106382977 0.28125 0.0823005319148936 0.06085249999999999
0 0.8564394946808511 0.2274175 0.09017287234042545 0.06719999999999998
0 0.3720545212765958 0.1313475 0.08063497340425534 0.06781000000000001
0 0.5736668882978723 0.079895 0.08169215425531916 0.06152250000000001
0 0.8811136968085106 0.5219725 0.09228390957446814 0.065125
0 0.616845079787234 0.5375975 0.08643949468085098 0.06323250000000001
0 0.30014295212765957 0.23022499999999999 0.08274601063829787 0.06408750000000003
0 0.8116389627659574 0.180785 0.08789893617021265 0.06426999999999998
0 0.3301728723404255 0.3801275 0.0844115691489362 0.05966250000000002
0 0.5311369680851065 0.1248775 0.07673869680851061 0.06598000000000002
0 0.8726728723404256 0.31811500000000004 0.09098404255319159 0.06304999999999995
0 0.6973603723404255 0.5332025 0.08806183510638302 0.06561249999999995
0 0.6538563829787233 0.0833125 0.0800664893617021 0.06030250000000001
0 0.8207280585106383 0.27807499999999996 0.09228390957446814 0.06372000000000003
0 0.7298238031914893 0.08447249999999999 0.07933843085106371 0.059204999999999994
0 0.3392652925531915 0.181885 0.08274601063829791 0.062439999999999996
0 0.8109873670212765 0.087585 0.0833543882978722 0.05706749999999999
0 0.33309507978723407 0.28247000000000005 0.08489694148936167 0.06198000000000002
0 0.29283909574468087 0.33130000000000004 0.08242021276595747 0.05889999999999998
0 0.4892553191489362 0.4880375 0.07901263297872343 0.06042499999999996
0 0.9116323138297873 0.37280250000000004 0.09098404255319159 0.06335500000000002
0 0.6071043882978724 0.12988249999999998 0.08169215425531916 0.06188999999999999
0 0.37659906914893615 0.2298575 0.08384308510638296 0.06915249999999998
0 0.5678224734042553 0.17565999999999998 0.0828690159574468 0.06500249999999999
0 0.5723670212765958 0.4880375 0.08384308510638291 0.06130999999999995
0 0.6830751329787235 0.228515 0.07974401595744678 0.06646749999999997
0 0.4054953457446809 0.38086000000000003 0.07673869680851061 0.05801499999999998
0 0.4444514627659575 0.4350575 0.07369680851063824 0.059752500000000056
0 0.8304687500000001 0.4729 0.0938264627659573 0.06683249999999998
0 0.6876196808510638 0.1301275 0.0825831117021276 0.06030250000000001
0 0.727875664893617 0.17480500000000002 0.09163231382978727 0.07055750000000001
0 0.3710804521276596 0.33007749999999997 0.08351728723404253 0.057495000000000004
0 0.8720246010638298 0.42163 0.09066156914893618 0.06408749999999998
0 0.4876329787234042 0.177245 0.07507646276595742 0.06198000000000002
0 0.5275631648936171 0.2297375 0.08124335106382982 0.07135000000000002
0 0.44899933510638296 0.12494 0.07548204787234049 0.06890750000000001
0 0.41328457446808514 0.17981 0.077593085106383 0.06042500000000001
0 0.44899933510638296 0.229005 0.07617353723404259 0.07263249999999996
0 0.7746276595744681 0.32373 0.09000997340425532 0.06323249999999996
0 0.530811170212766 0.43701249999999997 0.08136635638297872 0.06210249999999996
0 0.77203125 0.1245125 0.0874135638297871 0.06597999999999998
0 0.6103523936170213 0.43530250000000004 0.08522273936170209 0.06143250000000001
0 0.6457380319148937 0.1792 0.07714760638297878 0.06488
0 0.48568484042553195 0.28247000000000005 0.0765791223404255 0.05899000000000001
0 0.6457380319148937 0.2802725 0.08230053191489367 0.06075999999999999
0 0.5668484042553191 0.38159249999999995 0.08274601063829791 0.05941750000000002
0 0.4100398936170213 0.28418 0.07816156914893621 0.05996749999999997
0 0.5674966755319149 0.281495 0.08063497340425538 0.06021000000000001
0 0.7343683510638298 0.37719749999999996 0.08242021276595747 0.059325000000000044
0 0.4876329787234042 0.38208 0.08006648936170217 0.05889999999999998
0 0.6470378989361703 0.37817500000000004 0.0830319148936171 0.06097500000000002
0 0.44705119680851063 0.329835 0.07507646276595742 0.05581749999999999
0 0.6941123670212765 0.426025 0.08627659574468077 0.06280499999999994
0 0.8233244680851064 0.37085 0.09285239361702134 0.06042499999999996
0 0.5269148936170213 0.32934500000000005 0.0830319148936171 0.059325000000000044
0 0.7389162234042552 0.479005 0.08643949468085113 0.06384249999999997
0 0.789561170212766 0.5278324999999999 0.09350066489361702 0.065125
0 0.6028856382978723 0.226075 0.08169215425531916 0.07452499999999998
0 0.6054820478723404 0.33081 0.08181183510638303 0.06075999999999999
0 0.681126994680851 0.3256825 0.08124335106382982 0.0611875
0 0.6574268617021276 0.48168999999999995 0.08368018617021278 0.06152249999999998
0 0.7811203457446809 0.424805 0.08457114361702138 0.06030250000000001
0 0.1372473404255319 0.7924800000000001 0.04861702127659575 0.05499250000000006