0 0.06768949468085107 0.32080000000000003 0.0630651595744681 0.052337499999999974
0 0.3173503989361703 0.3090825 0.06817819148936172 0.052337499999999974
0 0.12702127659574466 0.31372000000000005 0.06318484042553194 0.05224500000000001
0 0.09780252659574468 0.36084 0.0685438829787234 0.052337499999999974
0 0.07686170212765957 0.40429750000000003 0.06269946808510639 0.05023249999999996
0 0.13676196808510638 0.39965750000000005 0.06533577127659573 0.05032249999999999
0 0.2848836436170213 0.35351499999999997 0.06570146276595741 0.05242999999999995
0 0.25242021276595744 0.3088375 0.06691821808510637 0.05420000000000005
0 0.11622672872340425 0.8134775 0.06343085106382979 0.04568499999999995
0 0.19089760638297873 0.31298750000000003 0.06269946808510637 0.05251999999999998
0 0.2881316489361702 0.8134775 0.06200797872340425 0.048217499999999976
0 0.10819148936170213 0.4411625 0.06387632978723404 0.050049999999999956
0 0.3467320478723404 0.3532725 0.0685438829787234 0.05349750000000006
0 0.223686835106383 0.35473750000000004 0.06448470744680852 0.05242999999999995
0 0.9057878989361703 0.3845225 0.07166888297872338 0.05499249999999995
0 0.16013630319148936 0.35717750000000004 0.06460771276595746 0.051940000000000056
0 0.16881981382978722 0.4409175 0.0641190159574468 0.05050750000000005
0 0.12069148936170214 0.6049800000000001 0.06558178191489361 0.04913249999999993
0 0.17304188829787234 0.8149425 0.06188829787234043 0.04895000000000004
0 0.77203125 0.38867250000000003 0.06984042553191487 0.05359000000000003
0 0.13554188829787234 0.77295 0.06630984042553192 0.04913249999999993
0 0.44347739361702126 0.30590750000000005 0.06793550531914891 0.0531925
0 0.22888297872340427 0.8144525 0.06355053191489364 0.04770000000000005
0 0.19089760638297873 0.7734375 0.06188829787234043 0.047789999999999964
0 0.25793882978723404 0.39746 0.06643284574468082 0.05340499999999997
0 0.6032081117021276 0.3476575 0.06805518617021278 0.05261249999999996
0 0.38179521276595746 0.303955 0.06756981382978723 0.05520749999999998
0 0.3210837765957447 0.39746 0.06643284574468086 0.052705000000000043
0 0.410688164893617 0.35083 0.07008643617021282 0.05203250000000003
0 0.223686835106383 0.7338875 0.06472739361702129 0.04895000000000004
0 0.08286901595744682 0.4833975 0.06411901595744682 0.05166750000000002
0 0.34803191489361707 0.8134775 0.06521609042553193 0.04715000000000009
0 0.15104720744680852 0.5673825 0.06582446808510638 0.0508125
0 0.7058011968085107 0.3896475 0.06947473404255312 0.05136000000000002
0 0.38536569148936173 0.3942875 0.06744680851063833 0.05175750000000005
0 0.17563829787234045 0.523925 0.06399601063829788 0.051087500000000036
0 0.8376097074468086 0.3845225 0.0684208776595746 0.05310000000000002
0 0.19641622340425532 0.39892500000000003 0.06330784574468087 0.05072000000000003
0 0.11395279255319149 0.52246 0.06424202127659574 0.051545000000000014
0 0.28326130319148934 0.7324225 0.06294215425531913 0.04794250000000011
0 0.5399002659574468 0.348145 0.06781250000000001 0.050995000000000006
0 0.7363164893617021 0.345215 0.06931515957446809 0.05359000000000003
0 0.14487699468085108 0.48169 0.06545877659574467 0.050995000000000006
0 0.24819813829787235 0.69043 0.06436170212765954 0.04913249999999993
0 0.164438164893617 0.731445 0.06343085106382977 0.048125
0 0.21881648936170214 0.649415 0.06817819148936168 0.05090249999999992
0 0.1597307180851064 0.649415 0.06269946808510637 0.04977500000000009
0 0.6408676861702127 0.390625 0.06704122340425527 0.05203250000000003
0 0.23099069148936172 0.44067500000000004 0.06261635638297869 0.05023249999999996
0 0.5765890957446809 0.39380000000000004 0.06829787234042554 0.052337499999999974
0 0.10957114361702126 0.7324225 0.06269946808510639 0.04931750000000011
0 0.09244680851063829 0.5649425 0.0641190159574468 0.05108750000000009
0 0.3421875 0.73291 0.06630984042553192 0.050232500000000076
0 0.12653590425531916 0.69043 0.06281914893617023 0.0475150000000001
0 0.7746276595744681 0.479005 0.06972074468085115 0.05520749999999998
0 0.894750664893617 0.80713 0.06497007978723414 0.04931750000000011
0 0.6759308510638298 0.43286250000000004 0.06744680851063826 0.0508125
0 0.7402127659574468 0.43213 0.06704122340425527 0.05090250000000003
0 0.2072938829787234 0.48315499999999995 0.06460771276595742 0.05154499999999996
0 0.2517686170212766 0.773925 0.062496675531914896 0.04672250000000008
0 0.8031981382978723 0.342285 0.07154587765957449 0.05489999999999998
0 0.18148271276595743 0.606445 0.06281914893617023 0.048217499999999976
0 0.09958776595744681 0.6499025 0.06570146276595744 0.048857500000000074
0 0.8772174202127659 0.3386225 0.07154587765957449 0.05420000000000005
0 0.5567819148936171 0.771485 0.06460771276595749 0.04794250000000011
0 0.37367686170212766 0.774415 0.06436170212765954 0.04995749999999998
0 0.6687898936170212 0.346435 0.0706117021276596 0.05410749999999996
0 0.8759208776595745 0.51709 0.07207446808510644 0.05251999999999998
0 0.447373670212766 0.39380000000000004 0.06704122340425527 0.05251999999999998
0 0.3574468085106383 0.43969749999999996 0.06655585106382976 0.05261249999999996
0 0.2683277925531915 0.482665 0.06570146276595741 0.049682500000000004
0 0.9031914893617022 0.47070249999999997 0.07166888297872338 0.05380250000000001
0 0.27027593085106383 0.5649425 0.06521609042553193 0.04876749999999993
0 0.616845079787234 0.771485 0.0667985372340425 0.048857500000000074
0 0.8376097074468086 0.4765625 0.06947473404255304 0.05349749999999995
0 0.8051462765957447 0.43188499999999996 0.06906914893617029 0.052705000000000043
0 0.18635305851063827 0.6899425 0.06213098404255317 0.048217499999999976
0 0.2936502659574468 0.4414075 0.06817819148936168 0.05185000000000002
0 0.4752958776595745 0.3500975 0.06533577127659582 0.05090250000000003
0 0.2376462765957447 0.5249025 0.06294215425531913 0.0508125
0 0.32985039893617024 0.48217750000000004 0.06497007978723403 0.050049999999999956
0 0.3421875 0.6513675 0.06655585106382976 0.05108750000000009
0 0.3619913563829787 0.524415 0.06655585106382976 0.05072000000000003
0 0.7090458776595745 0.47607499999999997 0.06793550531914898 0.05310000000000002
0 0.3126429521276596 0.7734375 0.06643284574468086 0.04849250000000006
0 0.30501329787234044 0.60791 0.06817819148936168 0.04958999999999992
0 0.2430053191489362 0.6069325 0.06558178191489361 0.051757499999999936
0 0.3077726063829787 0.6914075000000001 0.063876329787234 0.04895000000000004
0 0.6444414893617021 0.47607499999999997 0.06716422872340432 0.05203250000000003
0 0.2089162234042553 0.5659175000000001 0.062373670212766 0.04995749999999998
0 0.5272406914893617 0.811035 0.06448470744680844 0.0475150000000001
0 0.8674800531914894 0.428955 0.06972074468085115 0.05499249999999995
0 0.6139228723404255 0.4350575 0.06817819148936168 0.05166750000000002
0 0.5473670212765958 0.4384775 0.06630984042553192 0.05224500000000001
0 0.768783244680851 0.8105475 0.06691821808510637 0.048857500000000074
0 0.5249667553191489 0.7294925 0.0631848404255319 0.04904250000000002
0 0.42237699468085105 0.43872000000000005 0.06716422872340432 0.05203250000000003
0 0.8044946808510639 0.768555 0.06643284574468082 0.048035000000000085
0 0.48341090425531913 0.43579 0.06704122340425527 0.05291750000000002
0 0.39153257978723405 0.48315499999999995 0.06691821808510637 0.05224500000000001
0 0.49607380319148936 0.77246 0.06521609042553193 0.04913249999999993
0 0.29949468085106384 0.524415 0.06570146276595741 0.052244999999999944
0 0.6489860372340426 0.8120125 0.06594414893617018 0.04742499999999995
0 0.5895744680851064 0.8115225 0.06744680851063833 0.04849250000000006
0 0.5814561170212766 0.4809575 0.0666755319148936 0.050995000000000006
0 0.7428125 0.768555 0.0672839095744682 0.05117750000000001
0 0.8356615691489362 0.811035 0.06919215425531919 0.052125
0 0.43536236702127656 0.77246 0.06281914893617023 0.04876749999999993
0 0.40257313829787233 0.73291 0.06436170212765954 0.04858500000000004
0 0.40809175531914893 0.8115225 0.06306515957446802 0.04699749999999994
0 0.36880984042553194 0.69336 0.06716422872340429 0.050232500000000076
0 0.8953989361702128 0.7280275 0.06485039893617012 0.050049999999999956
0 0.5184740691489361 0.4809575 0.06704122340425527 0.052337499999999974
0 0.5837300531914893 0.7304700000000001 0.06509308510638304 0.048674999999999954
0 0.552563164893617 0.6894525 0.06716422872340432 0.05126999999999998
0 0.4019215425531915 0.65039 0.06716422872340432 0.05072000000000003
0 0.8031981382978723 0.6865225 0.07024601063829793 0.05126999999999998
0 0.647686170212766 0.7304700000000001 0.06606715425531916 0.04986500000000001
0 0.4525698138297872 0.48047 0.06411901595744678 0.05032249999999999
0 0.8090392287234043 0.521485 0.07049202127659573 0.05261249999999996
0 0.7090458776595745 0.8105475 0.06630984042553192 0.04849250000000006
0 0.5236702127659575 0.648925 0.06594414893617026 0.04931750000000011
0 0.3340691489361702 0.5664075000000001 0.06630984042553188 0.05090249999999992
0 0.46782912234042556 0.8105475 0.06472739361702122 0.048035000000000085
0 0.4282214095744681 0.6918949999999999 0.06399601063829788 0.04922499999999991
0 0.8661801861702128 0.768555 0.0685438829787235 0.05059750000000008
0 0.5106815159574468 0.392335 0.06630984042553192 0.05185000000000002
0 0.6161968085106383 0.52246 0.06931515957446809 0.05441249999999997
0 0.6791788563829787 0.520995 0.0694747340425532 0.05480999999999994
0 0.8337134308510639 0.7280275 0.06630984042553192 0.04913249999999993
0 0.7707313829787235 0.7294925 0.06582446808510638 0.04995749999999998
0 0.6791788563829788 0.77246 0.0664328457446809 0.048035000000000085
0 0.7070977393617021 0.56543 0.06882646276595744 0.05224499999999989
0 0.614248670212766 0.6879875 0.06521609042553193 0.05072000000000003
0 0.3967287234042553 0.5659175000000001 0.06558178191489361 0.050232500000000076
0 0.2793650265957447 0.6484375 0.06570146276595741 0.05072000000000003
0 0.5843783244680851 0.6455075 0.06533577127659582 0.0501400000000001
0 0.8765691489361701 0.604005 0.07479388297872326 0.051940000000000056
0 0.43016954787234046 0.6069325 0.06485039893617027 0.04977500000000009
0 0.37043218085106383 0.609375 0.0670412234042553 0.05059750000000008
0 0.6171708776595745 0.6049800000000001 0.06448470744680844 0.04958999999999992
0 0.9005917553191489 0.55713 0.06906914893617029 0.04977500000000009
0 0.42497340425531915 0.52295 0.0667985372340425 0.052125
0 0.4655551861702128 0.7319325 0.06545877659574471 0.04995749999999998
0 0.5515890957446808 0.524415 0.06854388297872335 0.05291750000000002
0 0.5548371010638298 0.6054700000000001 0.06756981382978723 0.05261249999999996
0 0.5204222074468086 0.5649425 0.06781250000000001 0.052125
0 0.8687765957446809 0.6875 0.06744680851063833 0.050232500000000076
0 0.7746276595744681 0.5659175000000001 0.06894946808510626 0.05233750000000009
0 0.7096974734042553 0.7280275 0.06436170212765963 0.04968249999999989
0 0.6746343085106383 0.6879875 0.0637533244680851 0.04849250000000006
0 0.6454155585106384 0.5629875 0.06744680851063833 0.05233750000000009
0 0.7726795212765957 0.64746 0.06655585106382973 0.04995749999999998
0 0.7096974734042553 0.64746 0.06679853723404257 0.050232500000000076
0 0.4902293882978723 0.60791 0.06521609042553193 0.04986500000000001
0 0.8979953457446809 0.64746 0.06959773936170224 0.05243000000000007
0 0.4921775265957447 0.6870125 0.06399601063829788 0.04913249999999993
0 0.7382646276595745 0.6884775 0.06594414893617011 0.05059750000000008
0 0.8051462765957447 0.6049800000000001 0.0685438829787235 0.05117750000000001
0 0.8356615691489362 0.646485 0.06781249999999986 0.05090249999999992
0 0.45776263297872344 0.563965 0.06630984042553192 0.05166750000000002
0 0.6470378989361703 0.648925 0.06619015957446805 0.04940750000000003
0 0.8376097074468086 0.5644525 0.06756981382978723 0.0513599999999999
0 0.583404255319149 0.563965 0.06497007978723399 0.048857500000000074
0 0.46198470744680853 0.65039 0.06424202127659567 0.048035000000000085
0 0.6798271276595745 0.6074225 0.06691821808510637 0.050049999999999956
0 0.4869813829787234 0.521485 0.06521609042553193 0.05175749999999999
0 0.746343085106383 0.5220825 0.0609474734042553 0.045832499999999984
0 0.7430186170212766 0.6066675 0.058733377659574496 0.04833249999999998