0 0.3597174202127659 0.49096749999999995 0.08384308510638296 0.058900000000000036
0 0.43308843085106385 0.49438499999999996 0.07860704787234037 0.05911249999999996
0 0.27904255319148935 0.4924325 0.09179521276595749 0.06231750000000005
0 0.20177194148936167 0.379395 0.08274601063829788 0.05801499999999998
0 0.3564727393617021 0.5478525 0.08562832446808512 0.06130999999999995
0 0.28163896276595746 0.43554750000000003 0.08473404255319145 0.05911249999999996
0 0.36069148936170214 0.43554750000000003 0.08408577127659572 0.05813499999999999
0 0.43471409574468084 0.437255 0.07787566489361702 0.05676250000000004
0 0.5080851063829787 0.49463 0.07990691489361706 0.057799999999999956
0 0.4295179521276596 0.549805 0.08035239361702122 0.059752500000000056
0 0.7213829787234043 0.397705 0.07702460106382965 0.05770749999999998
0 0.5804820478723404 0.55713 0.08063497340425538 0.05996749999999997
0 0.2792021276595745 0.5488275 0.0898470744680851 0.0618900000000001
0 0.2767686170212766 0.3830575 0.08152925531914894 0.05865499999999997
0 0.5847041223404256 0.4995124999999999 0.07901263297872343 0.05685499999999996
0 0.7259275265957448 0.5048824999999999 0.07974401595744678 0.05728249999999997
0 0.3506283244680851 0.38403250000000005 0.08063497340425534 0.057495000000000004
0 0.20177194148936167 0.43335 0.08351728723404256 0.05889999999999998
0 0.19820146276595746 0.5473625 0.08822473404255321 0.06075999999999999
0 0.7246309840425532 0.5590824999999999 0.07888962765957452 0.05758750000000009
0 0.42237699468085105 0.387695 0.07743018617021272 0.05889999999999998
0 0.6587267287234043 0.61084 0.07860704787234044 0.05996749999999997
0 0.5671708776595744 0.39087 0.07799867021276592 0.05706749999999999
0 0.5061369680851064 0.549805 0.08136635638297872 0.060210000000000034
0 0.19869015957446806 0.6059574999999999 0.09017287234042554 0.06463499999999998
0 0.35874335106382976 0.6069325 0.08562832446808512 0.06421000000000003
0 0.4246476063829787 0.22473249999999997 0.0765791223404255 0.058777499999999976
0 0.2084275265957447 0.27026249999999996 0.0828690159574468 0.057922500000000016
0 0.7161901595744682 0.6684574999999999 0.08136635638297872 0.06075999999999999
0 0.2868317819148936 0.272705 0.08079787234042551 0.05560249999999999
0 0.12003989361702128 0.43579 0.08392287234042552 0.061095000000000024
0 0.5110073138297871 0.43969749999999996 0.07844414893617023 0.055602499999999964
0 0.5944448138297872 0.180665 0.07463098404255326 0.05996750000000003
0 0.12328789893617022 0.3813475 0.08108377659574467 0.05996749999999997
0 0.5837300531914893 0.44287 0.07576795212765952 0.05480999999999994
0 0.2818018617021277 0.2188725 0.07917553191489364 0.055725000000000025
0 0.2087533244680851 0.3247075 0.08368018617021278 0.05835000000000002
0 0.641841755319149 0.38940499999999995 0.07617353723404259 0.0559375
0 0.5230186170212766 0.18042 0.07743018617021272 0.062439999999999996
0 0.5778856382978723 0.7236325 0.08242021276595747 0.06198000000000002
0 0.3541988031914894 0.2197275 0.07714760638297871 0.05697750000000002
0 0.29007978723404254 0.32690499999999995 0.08152925531914894 0.05801499999999998
0 0.7304753989361702 0.614745 0.07799867021276592 0.059875
0 0.653530585106383 0.3396 0.0758876329787234 0.05612249999999994
0 0.3665359042553191 0.3288575 0.08047539893617023 0.05737250000000006
0 0.11517287234042553 0.49169999999999997 0.0883876329787234 0.06396500000000004
0 0.2806648936170213 0.606445 0.08806183510638294 0.0657349999999999
0 0.3658876329787234 0.27417 0.08242021276595747 0.05899000000000001
0 0.6499601063829787 0.5004875 0.07353390957446802 0.05370999999999998
0 0.49542220744680854 0.3896475 0.07787566489361702 0.056977499999999966
0 0.5652260638297872 0.6684574999999999 0.08152925531914902 0.06075999999999999
0 0.6389228723404256 0.2354725 0.07548204787234049 0.05542000000000002
0 0.7213829787234043 0.450195 0.07588763297872354 0.05718999999999994
0 0.43731050531914895 0.27954 0.0758876329787234 0.05770749999999998
0 0.5103590425531915 0.33838 0.07617353723404259 0.05801499999999998
0 0.49477393617021276 0.232665 0.0758876329787234 0.05801500000000002
0 0.7324235372340426 0.1840825 0.07312832446808519 0.05663999999999999
0 0.6567785904255318 0.2861325 0.07491356382978721 0.056549999999999954
0 0.5665226063829787 0.23462 0.0770246010638298 0.05685500000000002
0 0.6603490691489361 0.7231449999999999 0.08286901595744688 0.06359750000000008
0 0.7200864361702127 0.234375 0.07617353723404259 0.05728250000000003
0 0.6632712765957447 0.18139750000000002 0.07463098404255313 0.05920499999999999
0 0.2631316489361702 0.6674800000000001 0.08692486702127661 0.06359750000000008
0 0.511655585106383 0.2822275 0.0762932180851063 0.057922500000000016
0 0.5821077127659574 0.34057499999999996 0.0758876329787234 0.05801499999999998
0 0.6382712765957447 0.66455 0.08108377659574471 0.060210000000000034
0 0.5084109042553191 0.60791 0.08181183510638303 0.0618900000000001
0 0.5850299202127659 0.2851575 0.0764561170212766 0.056977499999999966
0 0.19706449468085105 0.48877 0.08773936170212768 0.059875
0 0.6519082446808511 0.78418 0.07974401595744678 0.0645150000000001
0 0.5824301861702128 0.6142575 0.07844414893617023 0.05899000000000001
0 0.29429853723404253 0.1663825 0.08108377659574471 0.0559375
0 0.44899933510638296 0.1761475 0.07844414893617023 0.06311000000000001
0 0.6561269946808511 0.44458 0.07548204787234049 0.057495000000000004
0 0.7324235372340426 0.7265625 0.08108377659574456 0.06280500000000007
0 0.7246309840425532 0.78662 0.07873005319148926 0.06323250000000007
0 0.3431615691489362 0.6601575000000001 0.0857912234042553 0.06536750000000006
0 0.4175066489361702 0.66455 0.08441156914893612 0.06292750000000001
0 0.4256216755319149 0.7211925 0.08152925531914887 0.06463499999999998
0 0.12815824468085107 0.32544 0.08108377659574467 0.059325000000000044
0 0.5022406914893617 0.72168 0.08152925531914902 0.06347749999999996
0 0.18261968085106384 0.72705 0.09285239361702126 0.0679324999999999
0 0.21768284574468083 0.164795 0.08047539893617019 0.055512499999999985
0 0.18472739361702126 0.66504 0.0914727393617021 0.0679324999999999
0 0.265405585106383 0.7236325 0.08871343085106388 0.0645150000000001
0 0.1288065159574468 0.2717275 0.08152925531914894 0.061095000000000024
0 0.4912034574468085 0.66455 0.07873005319148942 0.060210000000000034
0 0.34868018617021274 0.7192375 0.08676529255319146 0.06500250000000006
0 0.7973537234042554 0.552245 0.0839228723404254 0.06008999999999992
0 0.5762632978723404 0.78955 0.0823005319148936 0.0657349999999999
0 0.4973703457446808 0.782715 0.08047539893617027 0.06585750000000007
0 0.3730285904255319 0.17028749999999998 0.08063497340425534 0.0573725
0 0.2068051861702128 0.2161875 0.08079787234042551 0.05633499999999998
0 0.6512566489361702 0.552735 0.07844414893617023 0.0580150000000001
0 0.7999501329787234 0.66455 0.08611369680851055 0.06075999999999999
0 0.11582114361702127 0.5488275 0.0952061170212766 0.0631099999999999
0 0.7928091755319149 0.34179750000000003 0.0783244680851065 0.05966250000000002
0 0.1154155585106383 0.6069325 0.0928523936170213 0.06439249999999992
0 0.42075465425531916 0.7851575000000001 0.08384308510638291 0.06720000000000005
0 0.43731050531914895 0.33544999999999997 0.07617353723404259 0.06030250000000001
0 0.7889128989361702 0.44653250000000005 0.07888962765957452 0.05551250000000005
0 0.1007247340425532 0.6694325 0.09642287234042551 0.07055750000000012
0 0.8077426861702128 0.7211925 0.08274601063829776 0.06426999999999998
0 0.8129355053191489 0.7836925 0.07945811170212773 0.0645150000000001
0 0.7973537234042554 0.18347249999999998 0.07126329787234031 0.05419999999999999
0 0.12766954787234042 0.214845 0.08441156914893616 0.0611875
0 0.666841755319149 0.845215 0.08595079787234049 0.06939750000000004
0 0.7960538563829788 0.29028250000000005 0.07576795212765952 0.061644999999999985
0 0.3431615691489362 0.7861325 0.09179521276595741 0.072875
0 0.1396841755319149 0.15979 0.08242021276595743 0.06042500000000001
0 0.7304753989361702 0.2888175 0.07560505319148939 0.0585625
0 0.6444414893617021 0.12780750000000002 0.07560505319148939 0.056334999999999996
0 0.3658876329787234 0.11798 0.07771276595744676 0.05654999999999998
0 0.09488031914893616 0.729005 0.09350066489361702 0.0682974999999999
0 0.5856781914893617 0.8461925 0.0831914893617022 0.06463499999999998
0 0.1805086436170213 0.788085 0.09447473404255322 0.07250999999999999
0 0.26345744680851063 0.78418 0.09301529255319148 0.0722650000000001
0 0.505811170212766 0.1240225 0.07743018617021272 0.06085249999999999
0 0.5097074468085107 0.8447275 0.0823005319148936 0.0670775000000001
0 0.2947872340425532 0.11438 0.0768617021276596 0.05489999999999999
0 0.7181382978723404 0.13379 0.08018949468085107 0.056122500000000006
0 0.7947573138297873 0.3945325 0.07787566489361702 0.05612249999999994
0 0.4324401595744681 0.6098625 0.08018949468085107 0.06042499999999996
0 0.7434607712765957 0.84961 0.08562832446808501 0.06854250000000002
0 0.08092087765957447 0.7993175 0.09414893617021276 0.0703125
0 0.7999501329787234 0.2354725 0.07288563829787227 0.05911250000000001
0 0.7973537234042554 0.5004875 0.07730718085106382 0.057495000000000004
0 0.8174800531914894 0.8427725 0.08286901595744696 0.06585750000000007
0 0.4308178191489362 0.8461925 0.0830319148936171 0.06982500000000004
0 0.7915093085106384 0.6074225 0.09366356382978716 0.059204999999999924
0 0.14893617021276595 0.1077875 0.08213763297872338 0.0597525
0 0.3528989361702128 0.8447275 0.0887134308510638 0.06695499999999993
0 0.7220345744680852 0.346435 0.0736968085106384 0.053894999999999985
0 0.43601063829787234 0.12323 0.0760505319148937 0.06421
0 0.26865359042553194 0.8515625 0.09366356382978723 0.07433999999999992
0 0.22287566489361701 0.11316 0.07860704787234044 0.06075999999999999
0 0.1865159574468085 0.8515625 0.09398603723404257 0.07684249999999997
0 0.09690824468085106 0.859375 0.09642287234042551 0.06780999999999994
0 0.7908610372340426 0.1331775 0.07588763297872354 0.05911250000000001
0 0.5767952127659575 0.12375 0.06981382978723404 0.05