0 0.09301529255319149 0.82666 0.0797440159574468 0.05890000000000009
0 0.8291688829787234 0.8105475 0.08408577127659585 0.0579224999999999
0 0.16881981382978722 0.8256825 0.07933843085106382 0.061095000000000024
0 0.3840658244680851 0.7138675 0.08136635638297872 0.06176749999999993
0 0.08351728723404256 0.77246 0.08319148936170213 0.061522500000000035
0 0.1504787234042553 0.71875 0.0850598404255319 0.06384249999999997
0 0.2267719414893617 0.6538075 0.08741356382978725 0.06524749999999994
0 0.3905585106382979 0.822755 0.07974401595744678 0.060517499999999926
0 0.21638297872340426 0.5961925 0.08903590425531913 0.06347749999999996
0 0.0721941489361702 0.6557625 0.08136635638297872 0.06255999999999995
0 0.06882646276595744 0.5981449999999999 0.08351728723404254 0.06255999999999995
0 0.46328125 0.8208 0.08018949468085107 0.05966249999999991
0 0.164438164893617 0.77295 0.08562832446808509 0.059875
0 0.3306615691489362 0.7646475 0.08505984042553189 0.06304999999999995
0 0.24040558510638296 0.8232425 0.07832446808510635 0.06143249999999989
0 0.29137632978723405 0.59082 0.0857912234042553 0.06384249999999997
0 0.14487699468085108 0.6606449999999999 0.08522273936170213 0.06475749999999994
0 0.30955784574468087 0.706055 0.08595079787234045 0.06421000000000003
0 0.07507646276595745 0.7148450000000001 0.08035239361702128 0.06359750000000008
0 0.1404122340425532 0.60205 0.08258311170212766 0.06335500000000002
0 0.24673869680851065 0.768555 0.08692486702127661 0.06549
0 0.38244348404255324 0.65625 0.08213763297872347 0.06198000000000002
0 0.31686502659574467 0.8188475 0.0809208776595745 0.06585750000000007
0 0.3048503989361702 0.649415 0.0878989361702128 0.06396499999999992
0 0.4032214095744681 0.7661125 0.0765791223404255 0.06097499999999991
0 0.22725731382978726 0.7138675 0.08757646276595747 0.06408750000000009
0 0.15826795212765957 0.48559500000000005 0.087250664893617 0.06304999999999995
0 0.06931515957446809 0.538575 0.08627659574468084 0.06176749999999998
0 0.5321110372340425 0.703125 0.07799867021276592 0.06075999999999999
0 0.21622007978723404 0.433105 0.08562832446808509 0.060517500000000043
0 0.36686170212765956 0.600585 0.08303191489361705 0.06384249999999997
0 0.4415325797872341 0.6000975 0.0830319148936171 0.06359750000000008
0 0.394780585106383 0.5473625 0.08611369680851055 0.0631099999999999
0 0.45776263297872344 0.7109375 0.0765791223404255 0.05865499999999997
0 0.2934873670212766 0.4252925 0.08546542553191487 0.06304999999999995
0 0.2407313829787234 0.48657249999999996 0.08725066489361703 0.06042499999999996
0 0.6824235372340426 0.8120125 0.08169215425531907 0.06042499999999996
0 0.14893617021276595 0.5449225 0.08595079787234042 0.06244000000000006
0 0.611000664893617 0.8134775 0.08124335106382982 0.06384249999999997
0 0.3108577127659574 0.5361325 0.08919880319148935 0.061644999999999985
0 0.06996343085106382 0.4807125 0.08274601063829787 0.06323250000000001
0 0.4762699468085106 0.7636725 0.07617353723404259 0.060210000000000034
0 0.09569148936170212 0.20276 0.08169215425531916 0.06280500000000001
0 0.10194148936170212 0.1480725 0.08258311170212765 0.05822750000000001
0 0.17304188829787234 0.20105 0.08489694148936168 0.06598000000000002
0 0.5415259308510638 0.8159175000000001 0.07730718085106382 0.06561249999999995
0 0.2912167553191489 0.36938499999999996 0.08643949468085106 0.06421000000000003
0 0.3215724734042553 0.48047 0.08392287234042554 0.061095000000000024
0 0.8259242021276596 0.7548825 0.07799867021276592 0.059875
0 0.7993018617021277 0.1805425 0.07422539893617036 0.05542000000000002
0 0.5671708776595744 0.14562999999999998 0.08274601063829791 0.06451499999999999
0 0.14617686170212765 0.3701175 0.08546542553191491 0.0673225
0 0.6181449468085106 0.75537 0.077593085106383 0.06130999999999995
0 0.2282313829787234 0.5405275 0.08919880319148935 0.06198000000000002
0 0.54671875 0.7578125 0.07605053191489354 0.061522500000000035
0 0.7551462765957447 0.6396475 0.07990691489361691 0.058440000000000054
0 0.8265724734042553 0.70166 0.07714760638297885 0.061095000000000024
0 0.8109873670212765 0.2288825 0.07272273936170212 0.057495000000000004
0 0.7291755319148937 0.16223249999999997 0.08047539893617012 0.06020999999999998
0 0.23878324468085105 0.2663575 0.08562832446808509 0.06524750000000003
0 0.1805086436170213 0.1436775 0.08274601063829788 0.06420999999999998
0 0.0703690159574468 0.42382749999999997 0.07771276595744679 0.06210249999999996
0 0.32238364361702126 0.203125 0.08035239361702125 0.06890750000000002
0 0.6061303191489362 0.700195 0.07917553191489357 0.059325000000000044
0 0.6759308510638298 0.448975 0.09000997340425525 0.059325000000000044
0 0.15745678191489362 0.2563475 0.08676529255319149 0.06829750000000001
0 0.2559906914893617 0.1517325 0.08035239361702129 0.06744499999999999
0 0.7551462765957447 0.8085950000000001 0.07272273936170212 0.06222499999999991
0 0.7441090425531915 0.214355 0.07645611702127646 0.06075999999999999
0 0.37757313829787237 0.37963749999999996 0.0913098404255319 0.06536749999999995
0 0.5168517287234042 0.59375 0.07730718085106382 0.0611875
0 0.530811170212766 0.64795 0.07673869680851061 0.06097499999999991
0 0.6502825797872341 0.15209999999999999 0.0807978723404256 0.06408750000000002
0 0.45581449468085106 0.6557625 0.0770246010638298 0.06143249999999989
0 0.29137632978723405 0.3115225 0.0828690159574468 0.06243999999999994
0 0.591845079787234 0.5932625 0.07933843085106386 0.06222499999999991
0 0.8265724734042553 0.646485 0.07657912234042566 0.06042499999999996
0 0.6837234042553191 0.6513675 0.07743018617021272 0.05758750000000009
0 0.6791788563829787 0.7026375 0.07901263297872335 0.057799999999999956
0 0.397376994680851 0.488525 0.08489694148936167 0.06189000000000004
0 0.24673869680851065 0.2088625 0.08274601063829791 0.06198000000000002
0 0.3701063829787234 0.4350575 0.08505984042553195 0.06292750000000001
0 0.6639195478723404 0.5976575000000001 0.08169215425531916 0.05813499999999999
0 0.549966755319149 0.4904775 0.07901263297872343 0.05889999999999998
0 0.21946808510638297 0.3188475 0.08197473404255316 0.06256000000000006
0 0.32790226063829786 0.1436775 0.07605053191489361 0.06866500000000002
0 0.07024601063829787 0.36767500000000003 0.07888962765957448 0.0623175
0 0.21459773936170212 0.375 0.08136635638297872 0.06176750000000004
0 0.08303191489361701 0.25732499999999997 0.07730718085106382 0.06304999999999998
0 0.821376329787234 0.5932625 0.07730718085106382 0.05865499999999997
0 0.14439162234042552 0.3090825 0.08538563829787235 0.06292750000000001
0 0.6074301861702128 0.6450199999999999 0.07771276595744687 0.06008999999999992
0 0.4019215425531915 0.14209 0.08079787234042551 0.06866500000000002
0 0.5324335106382978 0.246705 0.07962101063829788 0.06008999999999998
0 0.5155518617021276 0.4423825 0.07686170212765951 0.06085249999999996
0 0.7519015957446807 0.6923825 0.08047539893617012 0.05822749999999997
0 0.36750997340425534 0.3229975 0.08611369680851066 0.06323249999999996
0 0.6908676861702128 0.49853500000000006 0.08152925531914887 0.056457500000000035
0 0.5532114361702127 0.5463875 0.08108377659574471 0.05877749999999992
0 0.5493151595744681 0.39111250000000003 0.08006648936170217 0.06097500000000002
0 0.6713863031914894 0.2038575 0.07816156914893621 0.06280500000000001
0 0.821376329787234 0.43286250000000004 0.07560505319148939 0.053710000000000035
0 0.39445478723404254 0.2167975 0.07816156914893621 0.06488
0 0.8207280585106383 0.32959 0.07114029255319142 0.05529750000000001
0 0.39445478723404254 0.2719725 0.08079787234042551 0.06475750000000002
0 0.8226761968085107 0.48486250000000003 0.0762932180851063 0.057922500000000016
0 0.5275631648936171 0.19824250000000002 0.0831914893617022 0.05844
0 0.07061170212765958 0.309815 0.07702460106382979 0.059875
0 0.6661934840425532 0.348145 0.07990691489361706 0.05899000000000001
0 0.5898969414893618 0.44067500000000004 0.07901263297872343 0.060637500000000046
0 0.7538497340425532 0.586915 0.08006648936170217 0.0580150000000001
0 0.6882679521276596 0.7563475 0.07673869680851061 0.061095000000000024
0 0.6967087765957446 0.555665 0.07531914893617027 0.05706750000000011
0 0.7532014627659575 0.31958 0.07702460106382965 0.05843999999999994
0 0.7577460106382979 0.7509775 0.07479388297872326 0.06359750000000008
0 0.6213896276595745 0.39111250000000003 0.07730718085106382 0.05996749999999997
0 0.6262599734042553 0.5449225 0.07673869680851061 0.05813499999999999
0 0.4892553191489362 0.1417225 0.07873005319148942 0.06695499999999999
0 0.6889195478723404 0.3986825 0.07974401595744678 0.057372499999999944
0 0.8252726063829787 0.538085 0.07288563829787227 0.05490000000000003
0 0.8122872340425532 0.281005 0.07312832446808519 0.05758749999999998
0 0.606781914893617 0.2413325 0.07832446808510635 0.058777499999999976
0 0.46977726063829783 0.390625 0.07962101063829788 0.061095000000000024
0 0.678530585106383 0.24828999999999998 0.07860704787234037 0.0597525
0 0.7467054521276596 0.267335 0.07531914893617035 0.058227499999999995
0 0.8200797872340426 0.38159249999999995 0.07207446808510644 0.05541999999999996
0 0.754498005319149 0.42236250000000003 0.0783244680851065 0.06030250000000001
0 0.47302194148936166 0.4924325 0.07816156914893621 0.059875
0 0.6876196808510638 0.301025 0.07730718085106382 0.059752500000000056
0 0.5437965425531915 0.296875 0.07873005319148942 0.06030250000000001
0 0.31670212765957445 0.2622075 0.08335438829787231 0.0679325
0 0.7609906914893617 0.53125 0.07816156914893606 0.05865499999999997
0 0.616845079787234 0.293945 0.07507646276595742 0.05996749999999997
0 0.4350365691489361 0.3388675 0.07990691489361706 0.0626825
0 0.5931449468085107 0.34082 0.07844414893617023 0.05953999999999996
0 0.6006117021276596 0.19250499999999998 0.0753191489361702 0.05877750000000003
0 0.47107380319148934 0.5463875 0.0764561170212766 0.05813499999999999
0 0.4528922872340425 0.184325 0.0765791223404255 0.06256
0 0.6230119680851064 0.48877 0.0764561170212766 0.05612249999999994
0 0.4613364361702128 0.23816000000000004 0.07422539893617021 0.06076000000000002
0 0.44120678191489365 0.441895 0.07832446808510635 0.06085249999999996
0 0.5100332446808511 0.34179750000000003 0.07799867021276592 0.060210000000000034
0 0.7577460106382979 0.4750975 0.07917553191489357 0.056549999999999954
0 0.4688031914893617 0.29419 0.07799867021276592 0.0611875
0 0.1374900265957447 0.4296875 0.0883876329787234 0.06143250000000001
0 0.754498005319149 0.37182499999999996 0.07702460106382965 0.05889999999999998