0 0.5902227393617021 0.5463875 0.08984707446808503 0.06683249999999998
0 0.23342752659574467 0.601075 0.09715425531914894 0.0748900000000001
0 0.4129621010638298 0.6298825 0.1007247340425532 0.07422000000000002
0 0.3241688829787234 0.48999000000000004 0.08919880319148939 0.060637500000000046
0 0.5324335106382978 0.68213 0.0999933510638297 0.07891750000000002
0 0.44282912234042554 0.694335 0.10307845744680849 0.08105500000000006
0 0.5580817819148937 0.4951175 0.0888730053191489 0.06439250000000005
0 0.5814561170212766 0.6098625 0.09382646276595745 0.07519499999999994
0 0.6236635638297873 0.6752925000000001 0.09569148936170217 0.0787974999999999
0 0.3369913563829787 0.54834 0.09414893617021278 0.06323250000000007
0 0.4191289893617021 0.5629875 0.08984707446808503 0.0645150000000001
0 0.49477393617021276 0.61084 0.09520611702127663 0.0761099999999999
0 0.25128324468085106 0.541505 0.09114694148936173 0.06323250000000001
0 0.583404255319149 0.44287 0.08692486702127668 0.0623175
0 0.5022406914893617 0.546875 0.09033577127659576 0.06396499999999992
0 0.6639195478723404 0.6054700000000001 0.09098404255319144 0.07519499999999994
0 0.2460871010638298 0.488525 0.08936170212765956 0.06244000000000006
0 0.6405452127659576 0.4919425 0.08887300531914899 0.06536750000000006
0 0.14211768617021278 0.62207 0.10664893617021275 0.0755625
0 0.1632214095744681 0.5024425 0.09017287234042554 0.06198000000000002
0 0.7135904255319149 0.66455 0.09609707446808516 0.07781999999999993
0 0.3490026595744681 0.6884775 0.10494348404255321 0.08239750000000004
0 0.8986469414893618 0.6528324999999999 0.10437500000000001 0.0748900000000001
0 0.8077426861702128 0.6596675000000001 0.10105053191489363 0.07599000000000002
0 0.6616456117021277 0.43921 0.08579122340425538 0.06335500000000002
0 0.16549202127659574 0.55957 0.09625997340425534 0.0703125
0 0.16460106382978723 0.6870125 0.10567486702127661 0.07708750000000009
0 0.1850531914893617 0.446045 0.09552859042553194 0.0626825
0 0.32238364361702126 0.6127925000000001 0.1080285904255319 0.0800775000000001
0 0.754498005319149 0.59668 0.09690824468085106 0.0687874999999999
0 0.8486469414893617 0.5356449999999999 0.09658577127659566 0.06347749999999996
0 0.8467021276595745 0.5957025 0.10072473404255304 0.06842000000000008
0 0.6561269946808511 0.34082 0.07771276595744687 0.05801499999999998
0 0.2725465425531915 0.4311525 0.09163231382978719 0.06500249999999994
0 0.7622905585106382 0.53711 0.08968749999999992 0.06335500000000002
0 0.2606981382978723 0.680175 0.10291555851063827 0.0863025
0 0.4230252659574468 0.4470225 0.08108377659574471 0.06426999999999998
0 0.28975398936170216 0.33911250000000004 0.08079787234042551 0.05520749999999998
0 0.4019215425531915 0.5078125 0.09350066489361702 0.06347749999999996
0 0.7220345744680852 0.484375 0.08968749999999992 0.06939750000000004
0 0.07008643617021276 0.59961 0.10608045212765958 0.07238750000000005
0 0.3311469414893617 0.39087 0.08335438829787231 0.05380250000000001
0 0.09049867021276596 0.47973750000000004 0.09715425531914894 0.06622249999999996
0 0.6194414893617021 0.30005000000000004 0.07686170212765951 0.05331499999999994
0 0.5610039893617021 0.3940425 0.08368018617021278 0.061095000000000024
0 0.8057945478723404 0.48583999999999994 0.09285239361702134 0.06512499999999995
0 0.5843783244680851 0.343995 0.08274601063829791 0.0611875
0 0.5476928191489362 0.3063975 0.0760505319148937 0.05428999999999996
0 0.21053856382978722 0.34155250000000004 0.083843085106383 0.058440000000000054
0 0.7324235372340426 0.4255375 0.08522273936170224 0.06396500000000004
0 0.8155352393617021 0.43921 0.0938264627659573 0.06781000000000006
0 0.5028922872340426 0.4375 0.0853856382978724 0.06210249999999996
0 0.08368018617021276 0.5405275 0.09642287234042554 0.06347749999999996
0 0.28829454787234043 0.26367250000000003 0.07560505319148939 0.0495
0 0.5090591755319149 0.343995 0.07917553191489357 0.05899000000000001
0 0.48178856382978724 0.3967275 0.08384308510638291 0.06323249999999996
0 0.8915026595744681 0.48217750000000004 0.102347074468085 0.06561249999999995
0 0.6915159574468085 0.2917475 0.07588763297872347 0.05520749999999998
0 0.49769614361702125 0.7539075000000001 0.10608045212765962 0.08691499999999996
0 0.5681449468085107 0.2695325 0.07178856382978725 0.04904250000000002
0 0.6739827127659573 0.5424800000000001 0.08708776595744674 0.0676875
0 0.40127327127659573 0.30346749999999995 0.07617353723404259 0.05291750000000002
0 0.4314660904255319 0.2648925 0.07479388297872341 0.050507500000000025
0 0.3632878989361702 0.3444825 0.08258311170212765 0.05996749999999997
0 0.7824202127659574 0.72754 0.102347074468085 0.08386249999999995
0 0.47302194148936166 0.30346749999999995 0.07816156914893621 0.05520749999999998
0 0.5937932180851064 0.7495125 0.10494348404255321 0.08416750000000002
0 0.8772174202127659 0.7163075 0.11013962765957452 0.08374000000000001
0 0.17856050531914894 0.308595 0.08169215425531916 0.059875
0 0.06630984042553192 0.671875 0.11038231382978722 0.08178749999999992
0 0.2530684840425532 0.38598750000000004 0.08611369680851062 0.05813499999999999
0 0.7239793882978723 0.3317875 0.0783244680851065 0.05801499999999998
0 0.3017652925531915 0.7563475 0.10705452127659573 0.08477749999999992
0 0.17547539893617023 0.38379 0.09066156914893618 0.06890750000000002
0 0.9356549202127659 0.541015 0.09658577127659566 0.06451500000000004
0 0.43601063829787234 0.34912 0.08018949468085107 0.059325000000000044
0 0.10348404255319148 0.38086000000000003 0.0828690159574468 0.057799999999999956
0 0.9005917553191489 0.43579 0.09471742021276591 0.06671249999999998
0 0.3613397606382979 0.270995 0.07771276595744676 0.04839999999999998
0 0.33958776595744683 0.23523 0.07463098404255315 0.04742500000000001
0 0.20745345744680851 0.7495125 0.11297872340425529 0.08569250000000012
0 0.21865359042553192 0.27002 0.07832446808510635 0.050414999999999995
0 0.39835106382978724 0.7636725 0.10608045212765962 0.08538750000000005
0 0.40581781914893617 0.3984375 0.08169215425531916 0.06030250000000001
0 0.7876130319148936 0.39038 0.08152925531914887 0.054505
0 0.35549867021276593 0.43798750000000003 0.09398603723404257 0.1335425
0 0.6372972074468085 0.26000999999999996 0.07410239361702131 0.04760749999999999
0 0.5028922872340426 0.267335 0.07341422872340424 0.0495
0 0.9464827127659574 0.6088875 0.10703457446808512 0.0735474999999999
0 0.25420545212765955 0.3049325 0.0800664893617021 0.053894999999999985
0 0.3285505319148936 0.303955 0.07479388297872341 0.05041499999999997
0 0.21492021276595746 0.2238775 0.07617353723404259 0.0531925
0 0.14560837765957446 0.21276750000000003 0.07369680851063833 0.04525749999999999
0 0.5376296542553192 0.236695 0.06919215425531919 0.04202250000000001
0 0.7648869680851065 0.30273500000000003 0.0830319148936171 0.05663999999999999
0 0.6392453457446808 0.3913575 0.08351728723404256 0.061522500000000035
0 0.10348404255319148 0.4282225 0.09552859042553193 0.06396500000000004
0 0.1542121010638298 0.25 0.08181183510638297 0.05499249999999998
0 0.701904920212766 0.2478025 0.07036901595744684 0.04839999999999998
0 0.46912566489361707 0.23376499999999997 0.07036901595744684 0.04501250000000002
0 0.6564527925531914 0.2207025 0.06894946808510641 0.04409749999999997
0 0.8661801861702128 0.343995 0.08489694148936167 0.05719000000000005
0 0.8668284574468086 0.38867250000000003 0.09228390957446814 0.060517500000000043
0 0.8441023936170212 0.29882749999999997 0.08351728723404264 0.05865499999999997
0 0.7090458776595745 0.37915 0.0825831117021276 0.06323249999999996
0 0.10997672872340426 0.33081 0.08952460106382981 0.06188999999999999
0 0.7622905585106382 0.26294 0.07730718085106382 0.04760749999999999
0 0.8135871010638298 0.22949250000000002 0.07438497340425532 0.04733249999999998
0 0.09366356382978723 0.743165 0.12588430851063834 0.08709750000000008
0 0.40484375 0.22375499999999998 0.07166888297872338 0.046722499999999965
0 0.9589428191489362 0.7035 0.08211436170212766 0.084
0 0.1215026595744681 0.28711000000000003 0.07917553191489361 0.052125
0 0.7025531914893618 0.2063 0.06817819148936168 0.04525749999999999
0 0.792157579787234 0.3488775 0.07962101063829788 0.05911249999999996
0 0.5226961436170213 0.20153749999999998 0.0706117021276596 0.04714999999999998
0 0.3535505319148936 0.19812000000000002 0.07369680851063828 0.046904999999999974
0 0.4603623670212766 0.19812000000000002 0.07101728723404252 0.047882499999999995
0 0.7480053191489362 0.23620499999999997 0.07061170212765945 0.04272499999999999
0 0.21329787234042555 0.1900625 0.07422539893617021 0.04184000000000003
0 0.5924966755319149 0.2011725 0.0694747340425532 0.0508125
0 0.4090658244680851 0.1749275 0.0707347074468085 0.04858499999999998
0 0.8311170212765957 0.2663575 0.0723570478723403 0.04418999999999997
0 0.28569813829787233 0.22241249999999999 0.07743018617021279 0.05520749999999998
0 0.1619215425531915 0.1744375 0.06984042553191491 0.04272500000000002
0 0.5996376329787234 0.2390125 0.06281914893617023 0.0378125
0 0.34283577127659576 0.16504 0.07272273936170212 0.04351749999999999
0 0.637623005319149 0.18566999999999997 0.06594414893617026 0.05655000000000001
0 0.7824202127659574 0.1572275 0.06643284574468082 0.05041500000000002
0 0.2800166223404255 0.18456999999999998 0.0735339095744681 0.047882499999999995
0 0.2243351063829787 0.156615 0.07195146276595747 0.039185000000000005
0 0.7272273936170213 0.1672375 0.06984042553191487 0.04400749999999999
0 0.5577559840425532 0.166505 0.06704122340425527 0.05340499999999997
0 0.7908610372340426 0.20373500000000003 0.07730718085106382 0.053894999999999985
0 0.48600731382978724 0.1605225 0.06582446808510638 0.05310000000000002
0 0.6939827127659575 0.736875 0.09807180851063829 0.08625
0 0.47955452127659576 0.493125 0.07147606382978723 0.04875