0 0.2293882978723404 0.21625 0.12632978723404256 0.0925
0 0.3673537234042553 0.22625 0.1363031914893617 0.1175
0 0.22440159574468085 0.318125 0.12965425531914893 0.09625
0 0.3615359042553192 0.4375 0.1379654255319149 0.1025
0 0.4953457446808511 0.3325 0.14627659574468085 0.1
0 0.6399601063829787 0.22625 0.13297872340425532 0.1025
0 0.5044880319148937 0.226875 0.1346409574468085 0.10625
0 0.7721077127659575 0.23625 0.12466755319148937 0.0975
0 0.633311170212766 0.335625 0.13297872340425532 0.10125
0 0.768783244680851 0.339375 0.12799202127659576 0.10375
0 0.36014960106382976 0.3391675 0.13076130319148935 0.10333249999999998
0 0.22052194148936172 0.42875 0.1374102393617021 0.10083249999999998
0 0.49590093085106385 0.4345825 0.1340857712765957 0.09916750000000002
0 0.6344182180851063 0.4370825 0.1363031914893617 0.1075
0 0.7635206117021277 0.4375 0.12632978723404256 0.10333249999999998
0 0.21941489361702127 0.5279175 0.13297872340425532 0.0975
0 0.36125997340425536 0.5304175 0.13297872340425532 0.0925
0 0.49368351063829785 0.5341675 0.1340857712765957 0.1
0 0.6272174202127659 0.5358324999999999 0.13297872340425532 0.1
0 0.7635206117021277 0.5375 0.1351961436170213 0.10166750000000002
0 0.2144281914893617 0.63125 0.13852061170212768 0.10583249999999998
0 0.35627327127659575 0.6333325 0.1340857712765957 0.095
0 0.4947905585106383 0.6345824999999999 0.1407347074468085 0.10083249999999998
0 0.6305418882978724 0.6345824999999999 0.12632978723404256 0.09416750000000002
0 0.7585339095744681 0.635 0.12743683510638296 0.09666750000000002