0 0.49756316489361707 0.3291675 0.07313829787234043 0.056667500000000016
0 0.423999335106383 0.322755 0.08584773936170213 0.0614425
0 0.5759375 0.329835 0.08251994680851057 0.06553250000000002
0 0.5243184840425532 0.27905250000000004 0.08114029255319154 0.06479999999999998
0 0.4454255319148936 0.37671 0.08129986702127666 0.060649999999999975
0 0.5967154255319149 0.38623 0.08097739361702125 0.06284749999999997
0 0.36880984042553194 0.375245 0.08487367021276598 0.060649999999999975
0 0.5197739361702127 0.38623 0.0803690159574468 0.061137500000000046
0 0.48828125 0.43554750000000003 0.07813497340425539 0.06022249999999997
0 0.44802526595744685 0.27026249999999996 0.08186835106382971 0.06602250000000001
0 0.5593816489361702 0.43530250000000004 0.07724401595744677 0.05821000000000004
0 0.41653257978723407 0.4279775 0.08081449468085111 0.06297000000000003
0 0.4376363031914894 0.48119999999999996 0.07785239361702122 0.05863499999999999
0 0.6032081117021276 0.2761225 0.08405917553191486 0.06724249999999998
0 0.5045146276595744 0.2198475 0.07976063829787236 0.06913499999999999
0 0.5113331117021276 0.4880375 0.07752659574468079 0.058422499999999954
0 0.581781914893617 0.488525 0.07752659574468079 0.057660000000000024
0 0.6515824468085106 0.33032249999999996 0.08373670212765962 0.06333500000000003
0 0.34640625 0.32080000000000003 0.08373670212765962 0.06156499999999994
0 0.4071176861702127 0.5346675000000001 0.0787034574468086 0.057872499999999945
0 0.6330784574468085 0.43554750000000003 0.0814627659574468 0.059307500000000006
0 0.36978058510638295 0.26757749999999997 0.08170545212765958 0.06712
0 0.6694381648936171 0.3854975 0.07976063829787236 0.06272500000000002
0 0.3613397606382979 0.48047 0.08373670212765962 0.05964250000000004
0 0.5519148936170213 0.53662 0.07752659574468079 0.056255000000000055
0 0.34023936170212765 0.42749000000000004 0.08081449468085107 0.05909500000000003
0 0.624311835106383 0.538085 0.08065159574468082 0.05909500000000003
0 0.5756150265957447 0.5888675 0.07947473404255317 0.060315000000000056
0 0.6580751329787233 0.4880375 0.08036901595744673 0.057660000000000024
0 0.43016954787234046 0.20934999999999998 0.08454787234042559 0.07285750000000002
0 0.5022406914893617 0.586915 0.07752659574468079 0.05821000000000004
0 0.4295179521276596 0.58496 0.07902925531914887 0.057444999999999934
0 0.478218085106383 0.5361325 0.07521276595744673 0.05647000000000003
0 0.6791788563829788 0.27465750000000005 0.08097739361702133 0.06382500000000002
0 0.3564727393617021 0.5815425000000001 0.079311835106383 0.058545000000000076
0 0.5376296542553192 0.6342775 0.07395611702127661 0.05445499999999993
0 0.583404255319149 0.2211925 0.08373670212765962 0.0737725
0 0.4688031914893617 0.634765 0.07578124999999994 0.05488249999999994
0 0.6113264627659574 0.6357425 0.07724401595744677 0.05732500000000004
0 0.3951063829787234 0.6298825 0.07200797872340423 0.0558275000000001
0 0.33277260638297873 0.5292975 0.07902925531914891 0.056987499999999955
0 0.4259474734042553 0.67871 0.07436170212765952 0.05561500000000001
0 0.5707446808510638 0.6831050000000001 0.0731050531914894 0.05405749999999989
0 0.498344414893617 0.680665 0.07160239361702131 0.05353999999999996
0 0.6512566489361702 0.592285 0.07870345744680844 0.06125999999999999
0 0.6590492021276596 0.22168000000000002 0.08219414893617014 0.07462749999999997
0 0.46458111702127664 0.726075 0.07436170212765952 0.05405749999999989
0 0.35192486702127657 0.67871 0.07667553191489357 0.0551875
0 0.42692154255319154 0.7749025 0.0740791223404255 0.05174000000000001
0 0.3503025265957447 0.2044675 0.08519614361702127 0.07377249999999998
0 0.46393284574468086 0.15563999999999997 0.07959773936170207 0.08012000000000001
0 0.3941323138297872 0.7280275 0.07679521276595745 0.05951999999999998
0 0.49542220744680854 0.771485 0.07188497340425533 0.05085500000000002
0 0.536655585106383 0.72168 0.07229055851063823 0.05808750000000009
0 0.606781914893617 0.728515 0.07521276595744689 0.057444999999999934
0 0.3860139627659575 0.147705 0.08584773936170213 0.08146250000000002
0 0.5655485372340425 0.774415 0.0731050531914894 0.05625500000000011
0 0.3293617021276596 0.6259775 0.07947473404255317 0.05998000000000002
0 0.6415192819148936 0.6811525 0.07752659574468079 0.05998000000000002
0 0.352250664893617 0.770995 0.07623005319148939 0.05274499999999989
0 0.5412001329787234 0.15686000000000003 0.08020611702127652 0.085125
0 0.38926196808510644 0.813965 0.07578124999999994 0.05375250000000006
0 0.464906914893617 0.8173825 0.07464428191489368 0.05775
0 0.632752659574468 0.7749025 0.07269946808510633 0.0558275000000001
0 0.3225432180851064 0.72412 0.07623005319148939 0.0584224999999999
0 0.6908676861702128 0.1632075 0.08341090425531911 0.0837225
0 0.530811170212766 0.81787 0.07229055851063823 0.059642499999999925
0 0.6191156914893617 0.1549075 0.07858377659574471 0.0905575
0 0.6048337765957447 0.819335 0.07752659574468079 0.06138249999999994
0 0.31929853723404256 0.8100575 0.07383311170212767 0.0551875