0 0.6215277777777778 0.5559921875 0.12731944444444437 0.07552343750000005
0 0.6184861111111111 0.49292187500000006 0.1212083333333333 0.06866406250000008
0 0.5056388888888889 0.5595703125 0.1214166666666666 0.06720312499999999
0 0.29818055555555556 0.57178125 0.12749999999999997 0.07007031250000004
0 0.40169444444444447 0.603515625 0.125 0.07080468750000009
0 0.7391527777777779 0.5634765625 0.12912500000000005 0.06878906249999997
0 0.2962222222222222 0.5087890625 0.12522222222222226 0.06878906249999997
0 0.7365416666666665 0.5009765625 0.12749999999999995 0.07135156249999994
0 0.5829027777777778 0.42992968749999994 0.1212083333333333 0.06951562500000001
0 0.3977916666666667 0.5380859375 0.12011111111111114 0.06671093750000008
0 0.7452222222222221 0.62646875 0.1289027777777777 0.0703125
0 0.5021666666666667 0.49340624999999994 0.1205555555555555 0.06792968750000003
0 0.39301388888888894 0.47803125 0.12033333333333332 0.06915624999999999
0 0.5091111111111111 0.6225625 0.12815277777777775 0.06915624999999999
0 0.5733472222222222 0.6845703125 0.14008333333333337 0.07806250000000006
0 0.703125 0.44116406250000006 0.12522222222222226 0.07043750000000007
0 0.8407083333333333 0.5415078125 0.1317222222222221 0.07092187499999998
0 0.29470833333333335 0.4482421875 0.12250000000000003 0.06817968749999999
0 0.6267361111111112 0.62109375 0.12630555555555564 0.06903124999999992
0 0.46744444444444444 0.42992968749999994 0.12272222222222225 0.06890625000000003
0 0.29709722222222223 0.6372109375 0.13151388888888887 0.07239062500000007
0 0.19672222222222221 0.546390625 0.12141666666666669 0.07080468749999991
0 0.44140277777777776 0.6821328125 0.13911111111111107 0.08239843750000002
0 0.6675416666666667 0.382328125 0.1212083333333333 0.06646875
0 0.19336111111111112 0.61328125 0.1231527777777778 0.07421875
0 0.8411527777777777 0.671390625 0.1438749999999999 0.07892187499999999
0 0.19705555555555554 0.47925000000000006 0.11990277777777776 0.06805468749999992
0 0.8307361111111111 0.4790078125 0.1350972222222222 0.0703125
0 0.7105 0.68896875 0.15320833333333342 0.07849218750000002
0 0.8459166666666665 0.6064453125 0.1266250000000001 0.06915624999999999
0 0.5607638888888888 0.366703125 0.11773611111111108 0.06658593750000001
0 0.36870833333333336 0.4072265625 0.1194722222222222 0.06707812499999996
0 0.19911111111111113 0.6840859375 0.1405138888888889 0.07599218749999999
0 0.20226388888888888 0.41235156249999994 0.12098611111111113 0.07007031250000004
0 0.44922222222222224 0.3662109375 0.12206944444444442 0.06805468749999996
0 0.3181388888888889 0.7001953125 0.12770833333333337 0.07306249999999999
0 0.8272638888888889 0.416015625 0.1272777777777779 0.07159375000000004
0 0.28320833333333334 0.3723125 0.11881944444444446 0.06371875000000005
0 0.7751805555555555 0.3620625 0.12630555555555564 0.06982812499999999
0 0.4631111111111111 0.7563515625 0.14030555555555552 0.07849218750000002
0 0.7113750000000001 0.75390625 0.13584722222222215 0.07452343750000008
0 0.5872361111111111 0.7543984375 0.13911111111111107 0.07696874999999999
0 0.3346388888888889 0.7578125 0.13704166666666664 0.07385156249999998
0 0.8302916666666665 0.7421875 0.13248611111111125 0.08416406250000001
0 0.20508333333333334 0.755375 0.14387499999999998 0.08050781249999997