0 0.4120416666666667 0.78515625 0.24073611111111118 0.12239843750000005
0 0.6232638888888888 0.7924843750000001 0.20833333333333334 0.11798437500000007
0 0.390625 0.6845703125 0.19672222222222221 0.1015625
0 0.5924444444444444 0.683109375 0.21331944444444448 0.10876562500000002
0 0.3841111111111111 0.5922890625 0.19336111111111115 0.09283593749999994
0 0.5785555555555556 0.5922890625 0.21050000000000008 0.0869140625
0 0.5486111111111112 0.43921093750000006 0.18934722222222228 0.08771093749999999
0 0.3817222222222222 0.4384765625 0.17502777777777775 0.08361718749999998
0 0.5824722222222222 0.51709375 0.19433333333333327 0.07409374999999993
0 0.3841111111111111 0.3759765625 0.16688888888888884 0.07342187500000001
0 0.3940972222222222 0.5122109375 0.18413888888888894 0.07342187500000001
0 0.555125 0.3693828125 0.1854444444444444 0.07250781250000005