0 0.10339011925042589 0.5158695652173912 0.132572402044293 0.14798913043478265
0 0.7617206132879046 0.1205978260869565 0.1276831345826236 0.13603260869565217
0 0.6743100511073253 0.5034057971014493 0.12683134582623518 0.14331521739130437
0 0.8989267461669506 0.3707427536231884 0.11579216354344127 0.13396739130434782
0 0.8916013628620102 0.24858695652173912 0.1204258943781943 0.12760869565217392
0 0.8945315161839864 0.49380434782608695 0.1159625212947188 0.1323369565217391
0 0.1014480408858603 0.38320652173913045 0.13524701873935266 0.14434782608695654
0 0.10967632027257239 0.6511231884057971 0.13890971039182287 0.1472101449275362
0 0.1010732538330494 0.2465036231884058 0.13916524701873934 0.14849637681159422
0 0.6606473594548552 0.6282789855072464 0.12524701873935262 0.13786231884057976
0 0.5195229982964225 0.10956521739130434 0.13342419080068152 0.1411050724637681
0 0.6406303236797275 0.11585144927536233 0.12335604770017031 0.13603260869565217
0 0.7910221465076661 0.500036231884058 0.1320783645655877 0.14630434782608695
0 0.7827086882453151 0.6313949275362318 0.13366269165247024 0.14278985507246364
0 0.8828109028960819 0.1228623188405797 0.12633730834752985 0.13643115942028985
0 0.7900340715502555 0.3704710144927536 0.13269165247018738 0.14213768115942024
0 0.544923339011925 0.3780072463768116 0.13231686541737642 0.13668478260869563
0 0.09826235093696763 0.10994565217391304 0.13098807495741055 0.14409420289855077
0 0.20788756388415672 0.1719927536231884 0.13366269165247016 0.14552536231884056
0 0.7788074957410562 0.24443840579710147 0.1320783645655877 0.14135869565217388
0 0.5371039182282793 0.2465036231884058 0.13659284497444646 0.14849637681159422
0 0.20996592844974446 0.31181159420289856 0.13269165247018738 0.14500000000000005
0 0.6586882453151618 0.24391304347826084 0.12964224872231692 0.14278985507246375
0 0.840817717206133 0.7295289855072463 0.12609880749574112 0.13163043478260864
0 0.8862350936967632 0.6168659420289855 0.11981260647359453 0.13733695652173902
0 0.6723679727427598 0.3741123188405797 0.12890971039182275 0.14253623188405798
0 0.21483816013628618 0.4491485507246377 0.13659284497444632 0.14304347826086958
0 0.3173764906303237 0.1065036231884058 0.13611584327086879 0.14693840579710143
0 0.544923339011925 0.6365942028985507 0.1276831345826236 0.13603260869565223
0 0.4243100511073254 0.18083333333333332 0.12792163543441232 0.13643115942028985
0 0.22594548551959112 0.7155072463768115 0.12683134582623506 0.14474637681159416
0 0.7124020442930153 0.8666123188405798 0.1325724020442931 0.13163043478260875
0 0.1159625212947189 0.7731521739130435 0.13684838160136284 0.14356884057971014
0 0.12201022146507667 0.8946557971014493 0.1291482112436116 0.1318840579710144
0 0.7167972742759795 0.7445833333333333 0.13391822827938674 0.14630434782608695
0 0.431396933560477 0.31231884057971016 0.12829642248722317 0.13668478260869563
0 0.5512776831345827 0.5059963768115943 0.13025553662691658 0.14070652173913042
0 0.3305621805792163 0.637626811594203 0.132572402044293 0.13434782608695647
0 0.31982964224872235 0.250018115942029 0.13890971039182287 0.13668478260869563
0 0.33545144804088584 0.766394927536232 0.13684838160136284 0.14447463768115942
0 0.5908177172061329 0.8718115942028986 0.12718909710391818 0.1305253623188405
0 0.2198466780238501 0.5841485507246377 0.13916524701873934 0.14902173913043476
0 0.4404258943781942 0.7072101449275362 0.13403747870528115 0.13811594202898553
0 0.23352640545144807 0.8448007246376811 0.13659284497444635 0.14135869565217388
0 0.4365247018739353 0.5794746376811595 0.13073253833049406 0.13525362318840575
0 0.3281260647359455 0.5114492753623189 0.1355025553662692 0.1404528985507246
0 0.588381601362862 0.7513405797101449 0.1375809199318569 0.14552536231884067
0 0.4401873935264054 0.4439492753623188 0.13403747870528115 0.1421376811594203
0 0.8413117546848382 0.8458514492753624 0.1355025553662691 0.1334420289855072
0 0.3750085178875639 0.8873913043478261 0.1289097103918228 0.13434782608695647
0 0.3205621805792163 0.3795652173913044 0.14245315161839864 0.1409782608695652
0 0.48265758091993183 0.828713768115942 0.13049403747870533 0.14163043478260862