0 0.44305555555555554 0.41484375 0.10833333333333334 0.0640625
0 0.6085138888888889 0.376953125 0.1072083333333334 0.0625625
0 0.5104166666666666 0.375 0.10524999999999997 0.06109375000000004
0 0.3576388888888889 0.44164843749999994 0.10622222222222225 0.058656249999999945
0 0.6367222222222222 0.4321328125 0.10427777777777783 0.059968749999999994
0 0.7135416666666666 0.388671875 0.10780555555555549 0.0615234375
0 0.5342916666666666 0.4301796875 0.10547222222222213 0.059664062500000094
0 0.5364583333333334 0.4873046875 0.10427777777777783 0.05685156249999999
0 0.44575 0.47046093750000006 0.10220833333333337 0.05697656250000005
0 0.35655555555555557 0.388671875 0.10411111111111113 0.06064062499999996
0 0.35677777777777775 0.4951171875 0.10704166666666662 0.05953906250000003
0 0.4479166666666667 0.5239296875 0.10411111111111117 0.059328125000000044
0 0.42275 0.35278125 0.10275000000000002 0.05941406249999996
0 0.7369861111111111 0.442875 0.10959722222222226 0.06189062500000002
0 0.6341111111111111 0.48657031249999994 0.10780555555555556 0.06075781249999999
0 0.6362916666666667 0.541015625 0.10388888888888882 0.05771093749999991
0 0.35655555555555557 0.55078125 0.10780555555555556 0.06085156250000008
0 0.8237916666666667 0.4794921875 0.1087777777777777 0.0615234375
0 0.7348055555555555 0.5473671875 0.1087777777777777 0.05920312499999998
0 0.8250833333333333 0.4243203125 0.11262499999999989 0.06323437500000004
0 0.5347222222222222 0.541015625 0.1068194444444444 0.05728124999999995
0 0.6853333333333333 0.335203125 0.10644444444444442 0.06109375000000004
0 0.273875 0.47192187499999994 0.10448611111111114 0.060304687500000044
0 0.2749583333333333 0.4145546875 0.10351388888888893 0.0615234375
0 0.7356805555555557 0.495609375 0.1104027777777778 0.05910937500000006
0 0.8242222222222223 0.3688984375 0.11241666666666675 0.06371875000000005
0 0.7005277777777777 0.6001015625 0.1256527777777778 0.06512499999999992
0 0.8103333333333335 0.58740625 0.1149027777777778 0.06421093750000004
0 0.5894166666666667 0.593265625 0.1214166666666666 0.06488281249999997
0 0.273875 0.58740625 0.11327777777777778 0.06232031249999999
0 0.2699722222222222 0.5278359375 0.10313888888888888 0.06075781249999999
0 0.27908333333333335 0.35425 0.10704166666666666 0.06292968749999997
0 0.47656944444444443 0.5888671875 0.1149027777777778 0.06915624999999999
0 0.3713055555555555 0.6044921875 0.1068194444444444 0.05822656249999998
0 0.8229166666666666 0.5336953125 0.10220833333333322 0.058656249999999945
0 0.5959166666666667 0.3193359375 0.10411111111111117 0.06198437500000002
0 0.49695833333333334 0.317140625 0.10606944444444445 0.062226562499999985
0 0.3480972222222222 0.318359375 0.10427777777777779 0.059328125000000044
0 0.4900138888888889 0.650390625 0.1146944444444445 0.06118749999999995
0 0.38281944444444443 0.6513671875 0.11079166666666664 0.056242187500000006
0 0.5967916666666666 0.6513671875 0.1120833333333334 0.06142968750000009
0 0.7986111111111112 0.644046875 0.11062500000000013 0.06842187499999994
0 0.6983472222222222 0.65234375 0.11122222222222228 0.058656249999999945
0 0.7829861111111112 0.3186015625 0.11512500000000014 0.06267968750000001
0 0.27691666666666664 0.646 0.11663888888888892 0.06427343749999999