0 0.43485446985446985 0.49609375 0.07969854469854466 0.06510156249999995
0 0.3596049896049896 0.49096875000000006 0.08373180873180869 0.06064062499999991
0 0.43171517671517673 0.5498046875 0.08247401247401251 0.06075781249999999
0 0.507079002079002 0.550296875 0.08462577962577959 0.0615234375
0 0.35538461538461535 0.54834375 0.08543659043659049 0.06267968750000001
0 0.43724532224532225 0.43823437500000006 0.08141372141372134 0.058656249999999945
0 0.27953222453222454 0.49340624999999994 0.09266112266112264 0.06536718750000006
0 0.3583056133056133 0.6079140625 0.08543659043659038 0.06439062500000006
0 0.3602494802494802 0.4375 0.08388773388773393 0.059968749999999994
0 0.5847193347193347 0.5 0.08202702702702712 0.059328125000000044
0 0.5801767151767152 0.556640625 0.0829209979209979 0.060304687500000044
0 0.197993762993763 0.49096875000000006 0.086975051975052 0.06310937499999998
0 0.19831600831600832 0.54834375 0.08778586278586277 0.0634765625
0 0.28245322245322246 0.43676562499999994 0.08445945945945946 0.06075781249999999
0 0.509033264033264 0.607421875 0.08462577962577959 0.06292968749999997
0 0.4226195426195426 0.3881875 0.08141372141372147 0.05975000000000001
0 0.2014033264033264 0.379640625 0.08234927234927238 0.06008593749999998
0 0.28083160083160086 0.607421875 0.0894178794178794 0.06512499999999992
0 0.4343139293139293 0.6079140625 0.08388773388773393 0.06280468750000008
0 0.7257068607068607 0.505375 0.08084199584199582 0.059664062500000094
0 0.19848232848232847 0.6059609375 0.0894178794178794 0.06421093750000004
0 0.4966839916839917 0.389890625 0.08039501039501043 0.058656250000000035
0 0.510977130977131 0.33740625 0.07979209979209984 0.06008593749999998
0 0.509033264033264 0.495609375 0.08262993762993757 0.059968749999999994
0 0.5106548856548857 0.44116406250000006 0.08096673596673601 0.058351562500000044
0 0.2767671517671518 0.383546875 0.08234927234927238 0.06008593749999998
0 0.4391891891891892 0.3335 0.0802390852390853 0.060640625000000004
0 0.3661018711018711 0.32934375 0.08113305613305609 0.05843749999999996
0 0.20238045738045737 0.4345703125 0.08307692307692309 0.06042187499999994
0 0.27855509355509356 0.54834375 0.0894178794178794 0.06280468750000008
0 0.6425467775467776 0.390140625 0.07690228690228693 0.05676562500000002
0 0.6578066528066527 0.6103515625 0.07922037422037426 0.06075781249999999
0 0.715956340956341 0.6694375 0.08247401247401238 0.06097656249999996
0 0.7237525987525988 0.5595703125 0.07950103950103952 0.058351562500000044
0 0.6493659043659045 0.554203125 0.08068607068607057 0.05975000000000001
0 0.5671829521829522 0.39184375 0.07966735966735972 0.058351562499999954
0 0.7205093555093555 0.3989296875 0.07877338877338874 0.059328125000000044
0 0.2900831600831601 0.327390625 0.08186070686070686 0.05877343750000001
0 0.3427130977130977 0.6611328125 0.08648648648648653 0.06463281250000001
0 0.5824428274428274 0.61475 0.08173596673596685 0.059968749999999994
0 0.3651247401247401 0.27465625 0.0815800415800416 0.05941406249999996
0 0.6493659043659045 0.50146875 0.07621621621621615 0.05685156249999999
0 0.5658835758835759 0.6684609375 0.08307692307692309 0.06021093749999995
0 0.6529417879417879 0.3396015625 0.07690228690228693 0.05779687500000001
0 0.4944178794178794 0.6626015625 0.08339916839916842 0.06164843750000006
0 0.41775467775467773 0.6630859375 0.0868191268191268 0.06371874999999996
0 0.2874844074844075 0.272703125 0.08084199584199582 0.056546874999999996
0 0.43886694386694386 0.279296875 0.07979209979209978 0.05941406249999996
0 0.5122765072765072 0.2822265625 0.0792203742203742 0.05953906250000003
0 0.5840748440748441 0.4443359375 0.07849272349272349 0.05771093749999991
0 0.6587837837837838 0.724609375 0.08356548856548866 0.06451562499999994
0 0.20871101871101871 0.270265625 0.0829209979209979 0.05877343750000001
0 0.728950103950104 0.61475 0.078939708939709 0.06051562500000003
0 0.1162993762993763 0.494140625 0.0894178794178794 0.06683593749999997
0 0.1175155925155925 0.55078125 0.09387733887733886 0.06634375000000006
0 0.5834199584199584 0.3413125 0.07747401247401245 0.05910937499999998
0 0.20887733887733886 0.3251953125 0.08307692307692309 0.05987499999999999
0 0.6568399168399168 0.286375 0.07553014553014561 0.05758593750000003
0 0.4248960498960499 0.22546093749999999 0.07836798336798335 0.05975000000000001
0 0.5785446985446985 0.724125 0.08478170478170473 0.06310937499999998
0 0.18304573804573804 0.6640625 0.09119542619542621 0.06634375000000006
0 0.5853742203742204 0.28515625 0.07734927234927244 0.05779687500000001
0 0.12335758835758837 0.382328125 0.08247401247401248 0.06267968750000001
0 0.2813201663201663 0.21789843750000001 0.07877338877338874 0.05646093749999999
0 0.2632848232848233 0.6665078125 0.08762993762993765 0.06310937499999998
0 0.6561850311850311 0.44555468749999994 0.07649688149688141 0.05889843750000008
0 0.7322037422037422 0.7270546875 0.08096673596673606 0.06384375000000002
0 0.5944698544698545 0.1813984375 0.07593555093555089 0.06042187500000003
0 0.637016632016632 0.6645546875 0.08234927234927238 0.06075781249999999
0 0.12027027027027026 0.437015625 0.08445945945945944 0.06310937499999998
0 0.49636174636174635 0.23315625 0.08011434511434505 0.05941406249999996
0 0.6513097713097713 0.7841796875 0.08128898128898134 0.06427343749999999
0 0.3531081081081081 0.220703125 0.0777546777546777 0.05749218750000003
0 0.523004158004158 0.18103125 0.07966735966735972 0.0642109375
0 0.7971725571725572 0.5537109375 0.08527027027027025 0.06222656250000007
0 0.4278170478170478 0.7216796875 0.08633056133056129 0.06585937499999997
0 0.1824012474012474 0.72803125 0.09453222453222453 0.06878906249999997
0 0.49928274428274433 0.7817421875000001 0.08633056133056134 0.06744531250000003
0 0.5031808731808732 0.722171875 0.08324324324324328 0.06427343749999999
0 0.7237525987525988 0.7861328125 0.07966735966735977 0.06267968750000001
0 0.5675051975051976 0.235109375 0.07864864864864868 0.05822656249999998
0 0.5759459459459458 0.7895546875000001 0.0855197505197505 0.06646875000000003
0 0.26588357588357586 0.7236328125 0.09022869022869023 0.06524999999999999
0 0.6383160083160082 0.23559375 0.07581081081081088 0.05603125000000002
0 0.34855509355509356 0.7192421875 0.0881185031185031 0.06524999999999999
0 0.3716216216216216 0.170046875 0.08051975051975056 0.05843750000000001
0 0.4505613305613306 0.17578125 0.08113305613305609 0.06371874999999998
0 0.12847193347193347 0.326171875 0.08247401247401247 0.06131250000000001
0 0.421975051975052 0.7846718750000001 0.08908523908523913 0.06817968750000007
0 0.7192099792099792 0.23474218750000003 0.07877338877338874 0.057375000000000044
0 0.29365904365904366 0.166140625 0.08084199584199582 0.05633593750000001
0 0.20692307692307693 0.21716406250000003 0.08141372141372141 0.057187500000000016
0 0.7913201663201663 0.3408203125 0.07950103950103952 0.0615234375
0 0.0985862785862786 0.667484375 0.09558212058212057 0.06964062500000008
0 0.7218087318087318 0.45141406249999994 0.0776403326403327 0.05975000000000001
0 0.12912681912681911 0.2712421875 0.08262993762993764 0.06189062500000002
0 0.11483367983367983 0.6064453125 0.09185031185031187 0.06488281249999997
0 0.7276507276507277 0.2895546875 0.07747401247401245 0.05941406249999996
0 0.8062681912681913 0.7211953125 0.08429313929313921 0.06475781250000008
0 0.6626819126819127 0.181640625 0.07483367983367985 0.05975000000000001
0 0.7991164241164241 0.663578125 0.08957380457380465 0.06075781249999999
0 0.7315488565488566 0.1845703125 0.07427234927234933 0.057070312499999984
0 0.7958731808731808 0.501953125 0.07950103950103952 0.06131250000000001
0 0.21635135135135133 0.1662578125 0.08186070686070686 0.05697656250000001
0 0.7887214137214137 0.4482421875 0.07922037422037426 0.058351562500000044
0 0.7997713097713097 0.607421875 0.08262993762993764 0.06142968750000009
0 0.09558212058212058 0.7294921875 0.09591476091476092 0.07092187499999998
0 0.8140644490644491 0.78271875 0.08247401247401238 0.06500000000000003
0 0.36544698544698545 0.117796875 0.07719334719334718 0.056242187500000006
0 0.7952182952182952 0.2880859375 0.07385654885654881 0.059328125000000044
0 0.12757796257796256 0.21484375 0.08478170478170477 0.06256250000000001
0 0.7958731808731808 0.18371875 0.07293139293139302 0.055726562499999986
0 0.17996881496881498 0.7876015625 0.09664241164241165 0.07354687500000008
0 0.7997713097713097 0.23474218750000003 0.07333679833679829 0.059328125000000044
0 0.34985446985446983 0.38428125 0.08039501039501043 0.058015624999999994
0 0.6444906444906445 0.1274453125 0.07385654885654881 0.055421874999999995
0 0.4369126819126819 0.11968749999999999 0.07621621621621627 0.05975000000000001
0 0.13927234927234927 0.1589375 0.08234927234927233 0.060304687499999995
0 0.26134095634095633 0.78515625 0.09168399168399168 0.07287500000000006
0 0.34465696465696466 0.7841796875 0.09266112266112264 0.07342187500000001
0 0.5106548856548857 0.8452187500000001 0.08584199584199582 0.0680546875000001
0 0.5860187110187111 0.8461953125000001 0.08445945945945946 0.0651250000000001
0 0.6652806652806653 0.8442421875000001 0.08599792099792102 0.0690312500000001
0 0.2941476091476092 0.1143828125 0.07662162162162163 0.05582031249999999
0 0.5064345114345115 0.123046875 0.07804573804573808 0.05975000000000001
0 0.7926195426195426 0.39575000000000005 0.07849272349272349 0.05920312500000002
0 0.7218087318087318 0.346921875 0.07593555093555089 0.05646093749999999
0 0.7179106029106029 0.133421875 0.07922037422037426 0.055601562500000014
0 0.43237006237006237 0.845703125 0.08697505197505193 0.06994531250000016
0 0.0812889812889813 0.798828125 0.09615384615384616 0.07135156249999994
0 0.5746465696465696 0.1267109375 0.0725259875259875 0.05441406249999999
0 0.7432432432432432 0.8501015625000001 0.08567567567567576 0.06842187499999994
0 0.3518087318087318 0.8447265625 0.09006237006237004 0.06756250000000001
0 0.8166632016632016 0.8427734375 0.08429313929313921 0.0676874999999999
0 0.22219334719334718 0.11260937499999998 0.07905405405405407 0.059968749999999994
0 0.14772349272349275 0.1066875 0.08084199584199582 0.05877343750000001
0 0.26734927234927236 0.8520546875000001 0.09249480249480252 0.07239062499999989
0 0.1853222453222453 0.853515625 0.09323284823284823 0.07385156250000016
0 0.7913201663201663 0.1333046875 0.07609147609147614 0.059664062500000004
0 0.0968087318087318 0.8603515625 0.09696465696465695 0.06842187499999994