0 0.4236111111111111 0.5379453125 0.11309722222222231 0.06473437499999993
0 0.5121527777777778 0.48657031249999994 0.11447222222222217 0.06335156249999993
0 0.6319444444444444 0.5395546875 0.11372222222222221 0.06360156250000007
0 0.31380555555555556 0.4609375 0.11241666666666662 0.06335156249999993
0 0.4095 0.479984375 0.10758333333333338 0.06280468750000008
0 0.6293472222222222 0.5981484375 0.1104027777777778 0.06310937499999998
0 0.5282083333333334 0.542484375 0.1130694444444444 0.061765624999999956
0 0.6184861111111111 0.482421875 0.109375 0.06109375000000004
0 0.3200972222222222 0.5219765625 0.11349999999999996 0.06360156250000007
0 0.42144444444444445 0.593265625 0.1121944444444444 0.06280468750000008
0 0.7335138888888889 0.5297890625 0.11663888888888892 0.06524999999999999
0 0.5269166666666667 0.6005859375 0.11187499999999993 0.06310937499999998
0 0.31662500000000005 0.5810546875 0.11600000000000002 0.06421093750000004
0 0.313375 0.642578125 0.1124166666666667 0.06585937499999997
0 0.38997222222222216 0.42211718749999994 0.11019444444444448 0.06198437499999998
0 0.719625 0.4736328125 0.11577777777777772 0.06585937499999997
0 0.30751388888888886 0.3935546875 0.10411111111111108 0.06164843750000002
0 0.7235277777777779 0.41796875 0.1112222222222222 0.06292968749999997
0 0.4587638888888889 0.380125 0.11019444444444448 0.06164843749999997
0 0.6202222222222222 0.42578125 0.11555555555555562 0.06463281250000001
0 0.7300416666666667 0.5883828125 0.11729166666666672 0.06720312499999999
0 0.8172777777777779 0.49365625 0.11122222222222213 0.06500000000000003
0 0.41601388888888885 0.651859375 0.11284722222222222 0.06634375000000006
0 0.7222222222222222 0.6469765625 0.11512500000000006 0.06488281249999997
0 0.8242222222222223 0.5478515625 0.10741666666666655 0.062101562500000006
0 0.5173611111111112 0.658203125 0.11062499999999997 0.0634765625
0 0.21115277777777777 0.5283203125 0.11002777777777775 0.06198437499999994
0 0.5642361111111112 0.380125 0.11415277777777785 0.06371875000000005
0 0.21397222222222223 0.585453125 0.1095972222222222 0.06256249999999994
0 0.5065138888888889 0.42749218750000006 0.1121944444444444 0.06335156249999999
0 0.6180555555555556 0.65625 0.11555555555555562 0.06720312499999999
0 0.2105 0.468265625 0.11165277777777775 0.06500000000000003
0 0.8224861111111111 0.6025390625 0.10584722222222227 0.06164843750000006
0 0.21223611111111113 0.41039843749999994 0.1095972222222222 0.06267968750000001
0 0.8172777777777779 0.4360390625 0.1121944444444444 0.06421093750000004
0 0.67925 0.3688984375 0.11327777777777787 0.06371875000000005
0 0.217125 0.6435546875 0.10780555555555556 0.06267968750000001
0 0.3059861111111111 0.33740625 0.09798611111111112 0.05987499999999999
0 0.8233472222222221 0.6606484375 0.1081805555555557 0.06560937500000001
0 0.4008194444444444 0.33471875 0.10920833333333332 0.06421093749999995
0 0.3305138888888889 0.7021484375 0.10980555555555556 0.06451562499999994
0 0.5052083333333334 0.33325 0.10644444444444442 0.058992187499999994
0 0.8085972222222223 0.380375 0.11469444444444435 0.064390625
0 0.21559722222222222 0.3544921875 0.1066111111111111 0.059664062500000004
0 0.43533333333333335 0.70703125 0.11426388888888886 0.06189062500000002
0 0.6080694444444444 0.3305703125 0.10704166666666673 0.05843749999999996
0 0.5473055555555556 0.708984375 0.10861111111111117 0.05697656250000005
0 0.6493055555555556 0.7055703125 0.10818055555555553 0.058992187499999994
0 0.7504305555555555 0.7001953125 0.10920833333333341 0.06292968749999997
0 0.22830555555555554 0.698734375 0.10980555555555556 0.06042187499999994
0 0.7617222222222223 0.3310546875 0.11663888888888892 0.06323437500000004