0 0.42938733125649015 0.54375 0.07995846313603323 0.059375
0 0.538681204569055 0.5908203125 0.07828660436137076 0.06064062499999991
0 0.5344652128764279 0.4970703125 0.07784008307372797 0.05749218749999994
0 0.4676116303219107 0.589359375 0.0776739356178608 0.06008593750000006
0 0.49779854620976116 0.4501953125 0.07641744548286601 0.05910937500000006
0 0.42834890965732086 0.4501953125 0.07670820353063344 0.060304687500000044
0 0.5747040498442368 0.64209375 0.0776739356178608 0.05987500000000008
0 0.3540394600207684 0.5439453125 0.0786915887850467 0.05771093749999991
0 0.5000623052959502 0.640140625 0.07986500519210796 0.061429687499999906
0 0.461453790238837 0.49438281249999994 0.07784008307372797 0.05953906250000003
0 0.6116926272066459 0.5947265625 0.07841121495327102 0.06198437499999994
0 0.2803738317757009 0.5454140625 0.08088265835929385 0.05953906250000003
0 0.35727933541017654 0.4497109375 0.07670820353063344 0.05843749999999996
0 0.3881100726895119 0.49633593749999994 0.07698857736240912 0.059328125000000044
0 0.6457736240913811 0.644046875 0.07885773624091387 0.06267968750000001
0 0.5010384215991692 0.541015625 0.07682242990654208 0.058656249999999945
0 0.463073727933541 0.40356249999999994 0.07488058151609554 0.05758593750000003
0 0.39460020768431986 0.40405468750000006 0.07245067497403944 0.05856250000000003
0 0.605202492211838 0.6918984375 0.08149532710280376 0.06384375000000002
0 0.569190031152648 0.44800000000000006 0.07711318795430944 0.05877343750000001
0 0.5344652128764279 0.4028359375 0.07601246105919007 0.058656249999999986
0 0.39136033229491174 0.5903359375 0.07913811007268955 0.059664062500000094
0 0.6055347871235721 0.4047890625 0.07711318795430944 0.05856250000000003
0 0.32093457943925235 0.499515625 0.07755970924195217 0.06051562500000003
0 0.3204465212876428 0.59375 0.07958463136033228 0.06198437499999994
0 0.568213914849429 0.358640625 0.0757320872274144 0.05843749999999996
0 0.5737279335410177 0.542484375 0.07885773624091387 0.058015624999999994
0 0.4611214953271028 0.690921875 0.08043613707165113 0.06408593749999998
0 0.49812045690550355 0.3598671875 0.07654205607476633 0.060304687500000044
0 0.6873104880581516 0.5961953125 0.08015576323987544 0.0634765625
0 0.46371754932502596 0.3098125 0.07528556593977155 0.05718750000000004
0 0.6405815160955348 0.4506875 0.07613707165109028 0.05941406249999996
0 0.4257528556593977 0.2705078125 0.07349948078920039 0.058015624999999994
0 0.6467393561786084 0.5458984375 0.07828660436137082 0.06142968750000009
0 0.4968224299065421 0.7431640625 0.08003115264797513 0.06384375000000002
0 0.24954309449636553 0.49975781250000006 0.07885773624091377 0.06042187499999994
0 0.7223572170301142 0.5473671875 0.07613707165109028 0.05941406249999996
0 0.5344652128764279 0.3142109375 0.07435098650051918 0.05813281249999998
0 0.49487019730010384 0.269046875 0.07204569055036344 0.058656250000000035
0 0.27664589823468333 0.640625 0.08104880581516094 0.06198437499999994
0 0.42672897196261683 0.640625 0.07958463136033228 0.06051562500000003
0 0.5614018691588785 0.270265625 0.07390446521287644 0.05843749999999996
0 0.320778816199377 0.3188515625 0.07711318795430944 0.05603125000000002
0 0.6402492211838006 0.36059375 0.07556593977154723 0.05707031249999996
0 0.28539979231568013 0.45190625000000006 0.0786915887850467 0.05877343750000001
0 0.6090965732087227 0.499515625 0.07784008307372797 0.056242187500000006
0 0.7126168224299065 0.45190625000000006 0.07784008307372797 0.05966406249999991
0 0.35176531671858774 0.640625 0.0825441329179647 0.06164843750000006
0 0.6311630321910695 0.2697734375 0.07215991692627208 0.057374999999999954
0 0.24273104880581517 0.5947265625 0.08388369678089301 0.061765624999999956
0 0.5338110072689511 0.6923828125 0.07739356178608513 0.06421093750000004
0 0.6019626168224299 0.3151875 0.07419522326064387 0.05718750000000004
0 0.4221806853582555 0.744140625 0.08060228452751818 0.06384375000000002
0 0.6795223260643821 0.40551562499999994 0.07556593977154723 0.05822656249999998
0 0.6736760124610592 0.31396875 0.0739044652128765 0.05758593750000003
0 0.711318795430945 0.360109375 0.07488058151609543 0.05910937499999998
0 0.3472274143302181 0.7412109375 0.0812045690550364 0.06164843750000006
0 0.42964693665628245 0.3576640625 0.07796469366562829 0.06232031249999999
0 0.6464174454828661 0.74365625 0.08043613707165113 0.06597656250000003
0 0.25457943925233645 0.4091796875 0.07796469366562823 0.05877343750000001
0 0.6840602284527518 0.498046875 0.07796469366562817 0.06064062499999991
0 0.3576116303219107 0.2771015625 0.07349948078920039 0.05749218750000003
0 0.3131464174454829 0.6899453125 0.08420560747663555 0.06573437500000008
0 0.568213914849429 0.744140625 0.08104880581516091 0.06310937499999998
0 0.3595534787123572 0.3603515625 0.07377985462097607 0.057375000000000044
0 0.38908618899273106 0.690921875 0.08165109034267912 0.06524999999999999
0 0.32288681204569053 0.2321796875 0.07058151609553481 0.05582031250000004
0 0.24175493250259605 0.6904296875 0.08315680166147457 0.06781249999999997
0 0.6801661474558671 0.693359375 0.0819418483904466 0.06371874999999996
0 0.5321910695742471 0.7954140625 0.0825441329179647 0.06573437500000008
0 0.7619418483904465 0.69678125 0.0819418483904466 0.0634765625
0 0.7638940809968847 0.599609375 0.08003115264797502 0.06097656249999996
0 0.20249221183800623 0.6391640625 0.08271028037383175 0.06267968750000001
0 0.27371754932502596 0.741703125 0.08226375908618902 0.06560937500000001
0 0.3253167185877466 0.4028359375 0.07698857736240912 0.05593749999999997
0 0.2891381100726895 0.3618203125 0.07682242990654208 0.05813281249999998
0 0.2531152647975078 0.3166484375 0.07488058151609554 0.05843749999999996
0 0.20589823468328142 0.5458984375 0.08132917964693664 0.05966406249999991
0 0.3962201453790239 0.31371875 0.07204569055036344 0.05499218749999999
0 0.45950155763239875 0.2224140625 0.07419522326064387 0.05813281249999998
0 0.38161993769470404 0.7963906250000001 0.08404984423676018 0.06622656250000007
0 0.28410176531671855 0.2734375 0.07573208722741431 0.05889843749999999
0 0.4569055036344756 0.79834375 0.08364485981308406 0.06585937499999997
0 0.7217030114226376 0.6450234375 0.08003115264797502 0.06360156250000007
0 0.6071547248182763 0.7978515625 0.08575285565939764 0.06707812500000002
0 0.39232606438213913 0.229734375 0.07682242990654208 0.05920312499999998
0 0.7236552440290758 0.748046875 0.08453790238836977 0.06756250000000001
0 0.30746625129802696 0.794921875 0.08453790238836964 0.06585937500000005
0 0.21806853582554517 0.364015625 0.07812045690550365 0.059664062500000004
0 0.686656282450675 0.7993203124999999 0.0843717549325026 0.06853906249999993
0 0.754153686396677 0.50146875 0.0797092419522326 0.061765624999999956
0 0.5961163032191069 0.22473437500000001 0.07245067497403944 0.05646093749999999
0 0.21060228452751817 0.453125 0.08165109034267912 0.06222656250000007
0 0.6989927310488058 0.267578125 0.07232606438213925 0.056242187500000006
0 0.5282969885773624 0.22265625 0.07337487019730013 0.05779687500000001
0 0.6629698857736241 0.2251015625 0.07285565939771556 0.05633593750000001
0 0.754153686396677 0.4086953125 0.07828660436137082 0.05889843750000003
0 0.7476635514018691 0.3146953125 0.07488058151609543 0.05889843749999999
0 0.794392523364486 0.5512734375 0.07726895119418492 0.06304687500000003
0 0.25798546209761164 0.2321796875 0.06741433021806852 0.053984375000000015
0 0.19568016614745587 0.7392578125 0.08177570093457943 0.06463281250000001
0 0.7989408099688473 0.6508828125 0.07913811007268955 0.06524999999999999
0 0.7612980269989615 0.7993203125 0.08347871235721713 0.06597656250000003
0 0.7346832814122534 0.2268046875 0.0757320872274144 0.058015624999999994
0 0.16923156801661474 0.591796875 0.08003115264797507 0.06408593749999998
0 0.7814122533748702 0.36328125 0.07163032191069577 0.060304687500000044
0 0.2336448598130841 0.79053125 0.08364485981308409 0.06500000000000003
0 0.4890342679127726 0.1806640625 0.07349948078920039 0.054593749999999996
0 0.3576116303219107 0.1863984375 0.07070612668743513 0.05529687500000002
0 0.7684319833852544 0.268796875 0.07326064382139144 0.059664062500000004
0 0.8021806853582555 0.75146875 0.08015576323987544 0.06451562499999994
0 0.5562097611630322 0.1820078125 0.07245067497403944 0.05529687500000002
0 0.29059190031152643 0.1860390625 0.07139148494288682 0.05582031250000001
0 0.7840083073727934 0.4555703125 0.07626168224299071 0.06008593750000006
0 0.19453790238836968 0.2736796875 0.08331256490134997 0.06021093750000004
0 0.6263032191069574 0.179078125 0.07435098650051912 0.05550781250000001
0 0.15982346832814123 0.786625 0.08165109034267912 0.06360156250000007
0 0.16598130841121495 0.69140625 0.08331256490134997 0.06488281249999997
0 0.4221806853582555 0.182375 0.06992731048805818 0.05252343750000001
0 0.5678920041536863 0.8515625 0.08624091381100722 0.07018750000000011
0 0.4140706126687435 0.8525390625 0.08364485981308406 0.06792968749999986
0 0.490976116303219 0.853515625 0.08437175493250254 0.06927343750000006
0 0.17442367601246106 0.5024453125 0.08132917964693664 0.06720312499999999
0 0.1934060228452752 0.226078125 0.0704569055036345 0.0493203125
0 0.18123572170301142 0.3232421875 0.07885773624091381 0.06097656249999996
0 0.33814122533748703 0.8515625 0.08534787123572175 0.06829687500000006
0 0.181723779854621 0.40893750000000006 0.0782866043613707 0.05728124999999995
0 0.6486915887850467 0.8540078125000001 0.08534787123572175 0.0690312500000001
0 0.7249532710280374 0.8525390625 0.08347871235721713 0.0661015625000001
0 0.22585669781931464 0.1857890625 0.07111111111111112 0.055117187499999984
0 0.6931464174454829 0.1762734375 0.07163032191069577 0.05582031250000001
0 0.7625960539979232 0.182859375 0.07670820353063355 0.05792187499999999
0 0.25035306334371754 0.8501015625000001 0.09239875389408099 0.06951562500000001
0 0.8054309449636552 0.8491250000000001 0.08404984423676018 0.0690312500000001
0 0.1637902388369678 0.8466796875 0.0853478712357217 0.06853906250000001
0 0.3864901349948079 0.6904296875 0.036178608515057144 0.029812500000000065