0 0.31712500000000005 0.5306015625 0.11111111111111115 0.055992187500000054
0 0.3168472222222222 0.4770546875 0.1068194444444444 0.05910937500000006
0 0.3125 0.5869140625 0.10801388888888887 0.06164843750000006
0 0.4053888888888889 0.5595703125 0.10470833333333332 0.06051562500000003
0 0.49175 0.4663125 0.10487499999999998 0.05856250000000003
0 0.5933194444444444 0.521 0.10547222222222213 0.06131250000000001
0 0.49609722222222224 0.5244140625 0.10584722222222227 0.05877343750000001
0 0.5915833333333333 0.4677734375 0.10220833333333337 0.058656249999999945
0 0.3995277777777778 0.452640625 0.10183333333333336 0.058656249999999945
0 0.40343055555555557 0.5048828125 0.10129166666666671 0.05676562500000006
0 0.6909722222222222 0.5283203125 0.109375 0.06064062499999991
0 0.6888055555555554 0.47632031250000006 0.10622222222222216 0.05966406249999991
0 0.23047222222222222 0.45190625000000006 0.10183333333333332 0.060304687500000044
0 0.46484722222222224 0.4140625 0.10373611111111103 0.058992187499999994
0 0.5616388888888889 0.41479687500000006 0.1054722222222223 0.059968749999999994
0 0.3298611111111111 0.64209375 0.10840277777777775 0.06189062500000002
0 0.31466666666666665 0.42651562500000006 0.10129166666666664 0.05676562500000002
0 0.5525138888888889 0.630375 0.11816666666666673 0.06658593750000001
0 0.43966666666666665 0.6298828125 0.1175138888888889 0.06951562500000001
0 0.6631944444444444 0.42725 0.10524999999999997 0.05953906250000003
0 0.6944444444444444 0.5810546875 0.109375 0.05953906250000003
0 0.22765277777777776 0.5083046875 0.1038888888888889 0.06131250000000001
0 0.22483333333333333 0.565921875 0.10183333333333332 0.061765624999999956
0 0.5980972222222222 0.5771484375 0.10313888888888888 0.059968749999999994
0 0.6645000000000001 0.6333046875 0.1229444444444445 0.06658593750000001
0 0.49609722222222224 0.5786171875 0.10741666666666672 0.05877343750000001
0 0.7751805555555555 0.5131875 0.10351388888888885 0.059328125000000044
0 0.7712638888888889 0.46069531250000006 0.10622222222222225 0.06051562500000003
0 0.22677777777777777 0.626953125 0.1175138888888889 0.06500000000000003
0 0.7738750000000001 0.6196328125 0.11393055555555552 0.06573437500000008
0 0.37912500000000005 0.39331249999999995 0.10106944444444442 0.056242187499999964
0 0.6319444444444444 0.37646875 0.10166666666666672 0.05582031250000004
0 0.23806944444444444 0.3933125 0.10508333333333336 0.06008593749999998
0 0.7803888888888889 0.564453125 0.10334722222222234 0.05941406249999996
0 0.4522638888888889 0.69140625 0.11990277777777783 0.06585937499999997
0 0.7638888888888888 0.40893750000000006 0.10758333333333338 0.06051562500000003
0 0.546875 0.3615703125 0.09852777777777785 0.056640625
0 0.33941666666666664 0.6953125 0.11643055555555558 0.06142968750000009
0 0.4513888888888889 0.3596171875 0.10200000000000008 0.05843749999999996
0 0.6640694444444445 0.6904296875 0.11262499999999996 0.06142968750000009
0 0.5581666666666667 0.6899453125 0.11426388888888886 0.06475781250000008
0 0.3066388888888889 0.3603515625 0.09961111111111107 0.0546875
0 0.7647638888888889 0.6806640625 0.1104027777777778 0.06982812500000009
0 0.7222222222222222 0.36059375 0.10334722222222226 0.057710937500000004
0 0.22808333333333333 0.6899453125 0.12229166666666669 0.06853906250000001