0 0.4606527777777778 0.54296875 0.10648611111111106 0.059898437500000054
0 0.5625 0.544921875 0.11099999999999995 0.06118749999999995
0 0.6045972222222222 0.44116406250000006 0.1066111111111111 0.05987500000000008
0 0.35633333333333334 0.6489296875 0.10840277777777775 0.05953906250000003
0 0.609375 0.49438281249999994 0.10758333333333338 0.060304687500000044
0 0.3066388888888889 0.44409375000000006 0.10741666666666663 0.06075781249999999
0 0.5642361111111112 0.646484375 0.1121944444444444 0.06292968749999997
0 0.31033333333333335 0.5 0.11208333333333335 0.06304687500000003
0 0.703125 0.4736328125 0.11426388888888886 0.06512499999999992
0 0.5021666666666667 0.43285937499999994 0.10959722222222218 0.05975000000000001
0 0.4042916666666666 0.38159375 0.10606944444444445 0.06085156249999999
0 0.6922777777777779 0.4106484375 0.11187500000000002 0.06371874999999996
0 0.41080555555555553 0.49365625 0.1066111111111111 0.06189062500000002
0 0.6115416666666667 0.5947265625 0.11019444444444448 0.06280468750000008
0 0.2575972222222222 0.550296875 0.10427777777777776 0.060640625000000094
0 0.7625833333333333 0.521484375 0.11599999999999998 0.06488281249999997
0 0.6688333333333334 0.64453125 0.11262500000000004 0.05975000000000001
0 0.2033472222222222 0.5063515625 0.1038888888888889 0.06118749999999995
0 0.21505555555555556 0.395265625 0.09998611111111112 0.05987499999999999
0 0.4099444444444445 0.5986328125 0.1068194444444444 0.06396875000000009
0 0.5130277777777777 0.698734375 0.1104027777777778 0.060640625000000094
0 0.2119166666666667 0.45043749999999994 0.10069444444444445 0.05941406249999996
0 0.688375 0.3544921875 0.10584722222222227 0.06198437500000002
0 0.25043055555555555 0.6474609375 0.10758333333333331 0.06118749999999995
0 0.617625 0.6982421875 0.11426388888888886 0.06384375000000002
0 0.31206944444444445 0.333984375 0.09852777777777774 0.05877343750000001
0 0.5972222222222222 0.3310546875 0.10166666666666672 0.058015624999999994
0 0.8107638888888888 0.573734375 0.11241666666666675 0.06475781250000008
0 0.4095 0.6997109375 0.11079166666666664 0.06198437499999994
0 0.7855972222222222 0.3498515625 0.11002777777777782 0.06610156250000002
0 0.40647222222222223 0.328859375 0.1001527777777778 0.056242187500000006
0 0.3088055555555556 0.599125 0.10313888888888892 0.06396874999999991
0 0.6640694444444445 0.5439453125 0.11079166666666664 0.06310937499999998
0 0.5078194444444445 0.49242968749999994 0.11002777777777782 0.06292968749999997
0 0.4042916666666666 0.43725781250000006 0.10780555555555556 0.06142968750000009
0 0.35677777777777775 0.548828125 0.10780555555555556 0.06292968749999997
0 0.5104166666666666 0.5947265625 0.10959722222222218 0.06304687500000003
0 0.7118055555555556 0.593265625 0.11729166666666672 0.06475781250000008
0 0.461375 0.6474609375 0.11447222222222217 0.06371874999999996
0 0.7756111111111111 0.6416015625 0.11534722222222216 0.06792968750000003
0 0.30816666666666664 0.386234375 0.10508333333333329 0.062437500000000014
0 0.6085138888888889 0.3818359375 0.11143055555555557 0.06360156250000001
0 0.5047777777777778 0.3793984375 0.11062499999999997 0.062101562500000006
0 0.30643055555555554 0.6982421875 0.10980555555555552 0.06439062500000006
0 0.8007777777777777 0.47143750000000006 0.11062500000000013 0.06323437500000004
0 0.7157083333333333 0.6962890625 0.11187499999999993 0.06408593749999998
0 0.20475 0.5986328125 0.11079166666666664 0.06384375000000002
0 0.7955694444444443 0.413578125 0.11019444444444433 0.06427343749999999
0 0.5026111111111111 0.3286171875 0.1001527777777778 0.058351562500000044
0 0.21929166666666663 0.3396015625 0.10220833333333336 0.06292968749999997
0 0.8177083333333334 0.694828125 0.1087777777777777 0.06371874999999996
0 0.20681944444444444 0.69921875 0.10980555555555556 0.06427343749999999