0 0.5129027777777778 0.587609375 0.08134722222222229 0.04799218750000005
0 0.47483333333333333 0.5546875 0.07926388888888895 0.04690624999999997
0 0.5659722222222222 0.5625 0.08062499999999993 0.04733593749999994
0 0.398875 0.560546875 0.0881666666666667 0.05081249999999997
0 0.6210972222222222 0.5376015625 0.0819722222222222 0.04610937499999999
0 0.5277777777777778 0.5263671875 0.08247222222222221 0.04700000000000006
0 0.4427083333333333 0.6020546875 0.08831944444444449 0.05389062500000001
0 0.6276111111111111 0.5835 0.08034722222222225 0.04586718750000003
0 0.40191666666666664 0.48461718749999994 0.08045833333333327 0.044859375000000055
0 0.34873611111111114 0.5263671875 0.08588888888888885 0.05023437499999996
0 0.5850694444444444 0.50146875 0.08154166666666672 0.04586718750000003
0 0.34158333333333335 0.5927734375 0.08512499999999999 0.05291406250000001
0 0.4787361111111111 0.49633593749999994 0.08018055555555557 0.04535156249999996
0 0.6849027777777777 0.55859375 0.08154166666666672 0.04839843750000004
0 0.6653611111111111 0.5063515625 0.08430555555555562 0.04751562499999995
0 0.5381944444444444 0.46801562499999994 0.08213888888888887 0.046812500000000055
0 0.5121527777777778 0.632328125 0.08865277777777783 0.05145312499999992
0 0.5772638888888889 0.6118203125 0.08034722222222225 0.04885937499999997
0 0.38911111111111113 0.630375 0.0860416666666667 0.04831249999999994
0 0.5811666666666666 0.4345703125 0.08105555555555558 0.046812500000000055
0 0.3324722222222222 0.468265625 0.08062499999999997 0.04751562499999995
0 0.28602777777777777 0.4990234375 0.08034722222222225 0.04577343749999994
0 0.4587638888888889 0.4585 0.07736111111111117 0.0439453125
0 0.625 0.46703906249999994 0.0830555555555555 0.048585937500000044
0 0.2910138888888889 0.560546875 0.08447222222222221 0.0517578125
0 0.5108472222222222 0.43090624999999994 0.0763888888888889 0.044859375000000055
0 0.3869305555555555 0.44262499999999994 0.07840277777777781 0.04568750000000001
0 0.7026944444444444 0.47192187499999994 0.0829027777777777 0.04653906249999995
0 0.4262222222222222 0.521484375 0.08137500000000004 0.046476562500000006
0 0.24066666666666667 0.5263671875 0.08062500000000002 0.04903906249999999
0 0.7426250000000001 0.53271875 0.08447222222222221 0.04821875000000002
0 0.4427083333333333 0.4184609375 0.07650000000000005 0.044007812499999986
0 0.5659722222222222 0.3969765625 0.07769444444444452 0.04510156250000001
0 0.6783888888888888 0.4340859375 0.08398611111111107 0.04559374999999992
0 0.2562916666666667 0.45971875000000006 0.08381944444444447 0.04849218749999995
0 0.49783333333333335 0.3930703125 0.0745416666666666 0.04168749999999997
0 0.7695277777777777 0.49194531250000006 0.08322222222222232 0.048765625000000055
0 0.63325 0.40234375 0.0829027777777777 0.04714843749999997
0 0.37434722222222216 0.40356249999999994 0.07823611111111113 0.044679687500000044
0 0.3125 0.42944531250000006 0.07795833333333332 0.04410156250000004
0 0.44834722222222223 0.6611328125 0.09250000000000003 0.05529687499999998
0 0.19943055555555556 0.48901562500000006 0.09320833333333335 0.05212500000000002
0 0.4305555555555556 0.37890625 0.07579166666666673 0.043210937499999956
0 0.5646666666666667 0.3564453125 0.07693055555555553 0.04376562499999999
0 0.49175 0.3518046875 0.08062499999999993 0.04543749999999998