0 0.29662499999999997 0.685265625 0.14087499999999997 0.078125
0 0.57075 0.67578125 0.14941666666666673 0.07653906250000002
0 0.42056944444444444 0.642578125 0.15320833333333336 0.07342187500000001
0 0.32009722222222226 0.7563515625 0.13509722222222223 0.07836718749999996
0 0.38997222222222216 0.5048828125 0.11881944444444442 0.0703125
0 0.8042499999999999 0.6630859375 0.1462638888888888 0.07196093749999992
0 0.40690277777777784 0.5712890625 0.12912500000000005 0.07476562500000003
0 0.79775 0.59765625 0.1418194444444443 0.06994531249999998
0 0.20725 0.57959375 0.11968055555555558 0.07275781249999991
0 0.7148472222222223 0.755859375 0.1515833333333334 0.07135156249999994
0 0.44379166666666664 0.71240625 0.17936111111111108 0.08178906250000004
0 0.5277777777777778 0.608890625 0.1590694444444444 0.07409374999999993
0 0.8111944444444443 0.729984375 0.1284722222222222 0.07354687500000008
0 0.5959166666666667 0.7470703125 0.12815277777777775 0.07836718749999996
0 0.7005277777777777 0.544921875 0.12815277777777775 0.087890625
0 0.6345555555555555 0.442875 0.1303194444444445 0.06427343749999999
0 0.21277777777777776 0.44995312500000006 0.11187500000000002 0.06866406250000008
0 0.48568055555555556 0.7641640625 0.15375000000000005 0.06189062500000002
0 0.6966111111111111 0.6899453125 0.12890277777777787 0.06768750000000008
0 0.30230555555555555 0.607421875 0.12890277777777778 0.07501562499999999
0 0.6028611111111111 0.49609375 0.12294444444444443 0.06744531249999994
0 0.8068611111111111 0.533203125 0.11708333333333328 0.07306249999999999
0 0.30012500000000003 0.5390625 0.12055555555555557 0.07122656250000006
0 0.6731805555555556 0.6240234375 0.14084722222222218 0.07409374999999993
0 0.5720555555555555 0.5615234375 0.16048611111111105 0.07317968750000006
0 0.32334722222222223 0.39526562499999995 0.10508333333333329 0.05953906249999998
0 0.30772222222222223 0.462890625 0.1130694444444444 0.08343749999999997
0 0.41384722222222226 0.448734375 0.1333611111111111 0.07367187499999997
0 0.19879166666666667 0.6630859375 0.11881944444444446 0.09399218749999996
0 0.49175 0.5083046875 0.1185972222222222 0.07739062499999996
0 0.199875 0.7543984375 0.125875 0.08617968749999996
0 0.20681944444444444 0.5107421875 0.11469444444444442 0.06829687500000006
0 0.42577777777777776 0.3908671875 0.11620833333333327 0.059664062500000004
0 0.5360277777777778 0.392578125 0.1168611111111111 0.05728124999999995
0 0.5212638888888889 0.443359375 0.11663888888888892 0.06488281249999997
0 0.6549444444444444 0.389890625 0.14084722222222218 0.05633593750000001
0 0.7834166666666665 0.38989062500000005 0.12587500000000015 0.05511718750000001
0 0.7638888888888888 0.43359375 0.15570833333333328 0.058015624999999994
0 0.7547777777777779 0.47973437499999994 0.1834861111111112 0.05779687500000001
0 0.217125 0.390140625 0.10704166666666666 0.058015624999999994