0 0.5495972222222222 0.5306953125 0.09126388888888894 0.0546875
0 0.4522638888888889 0.5869140625 0.09423611111111115 0.05450781249999999
0 0.6236944444444444 0.5830078125 0.09440277777777782 0.05260937499999994
0 0.6302083333333334 0.5336953125 0.09288888888888888 0.05389062500000001
0 0.538625 0.5805703125 0.09391666666666668 0.053804687500000094
0 0.37825 0.54053125 0.09163888888888891 0.054289062500000006
0 0.6302083333333334 0.487796875 0.09352777777777782 0.05441406250000007
0 0.37955555555555553 0.4873046875 0.09115277777777778 0.05389062500000001
0 0.46441666666666664 0.48949999999999994 0.09049999999999996 0.05270312500000003
0 0.4622361111111111 0.53515625 0.09337500000000003 0.054289062500000006
0 0.7105 0.583984375 0.0985277777777777 0.05481250000000006
0 0.6006944444444444 0.630859375 0.09619444444444443 0.05697656250000005
0 0.3105416666666666 0.51171875 0.09163888888888888 0.05350000000000001
0 0.5460138888888889 0.48510937500000006 0.09337500000000003 0.054289062500000006
0 0.454 0.444828125 0.09147222222222225 0.052828125000000094
0 0.5130277777777777 0.6279296875 0.09884722222222217 0.05758593750000003
0 0.719625 0.538578125 0.09636111111111102 0.053804687500000094
0 0.36675 0.593265625 0.09406944444444447 0.054593749999999906
0 0.5325555555555556 0.43774218749999994 0.09115277777777778 0.05270312500000003
0 0.3066388888888889 0.5610390625 0.09115277777777778 0.05529687499999998
0 0.6184861111111111 0.4423828125 0.0936944444444445 0.053312500000000006
0 0.6918472222222222 0.6337890625 0.10069444444444445 0.05728124999999995
0 0.3732638888888889 0.44360156249999994 0.08962499999999997 0.05252343750000001
0 0.42209722222222223 0.6318359375 0.09998611111111112 0.05697656250000005
0 0.7044305555555556 0.4458046875 0.09352777777777782 0.05319531249999994
0 0.7929722222222223 0.576171875 0.09456944444444433 0.057375000000000044
0 0.7157083333333333 0.49242968749999994 0.09673611111111116 0.05499218750000008
0 0.32075 0.6333046875 0.09304166666666668 0.05291406250000001
0 0.30012500000000003 0.46167187500000006 0.09016666666666669 0.05252343750000001
0 0.7942777777777777 0.5258828125 0.0888194444444445 0.05319531249999994
0 0.7855972222222222 0.6293984375 0.10106944444444442 0.05685156249999999
0 0.2361111111111111 0.587890625 0.09406944444444447 0.05481250000000006
0 0.24456944444444445 0.494140625 0.08538888888888892 0.04996093750000004
0 0.7912361111111111 0.479984375 0.09304166666666668 0.05300781249999993
0 0.48177777777777775 0.40160937499999994 0.08555555555555559 0.04849218749999999
0 0.4027777777777778 0.40160937499999994 0.08572222222222226 0.04932031250000004
0 0.23741666666666666 0.6337890625 0.08881944444444442 0.05108593750000008
0 0.5625 0.4008828125 0.0837083333333333 0.04788281249999997
0 0.697486111111111 0.68359375 0.09651388888888882 0.0546875
0 0.6076388888888888 0.683109375 0.09597222222222225 0.05593749999999993
0 0.4290416666666667 0.681640625 0.09944444444444447 0.055726562499999945
0 0.32487499999999997 0.40649218749999994 0.08831944444444441 0.05145312499999997
0 0.5208333333333334 0.68115625 0.09565277777777778 0.056242187500000006
0 0.6467083333333333 0.40258593749999994 0.0888194444444445 0.04733593749999998
0 0.25325000000000003 0.4282265625 0.08800000000000002 0.05242968749999992
0 0.3417916666666666 0.6796875 0.09320833333333331 0.05389062500000001
0 0.7838611111111111 0.43383593749999994 0.09065277777777775 0.05185156249999991
0 0.7847222222222222 0.6801796875 0.09580555555555557 0.055601562500000055
0 0.7256944444444444 0.401859375 0.09033333333333328 0.048765625000000014
0 0.2562916666666667 0.6782265625 0.09218055555555556 0.055601562500000055
0 0.24154166666666665 0.5380859375 0.08555555555555559 0.05023437499999996